1.000000000000000000e+00 6.194737426750933640e-01 9.593068931063332416e-02
2.000000000000000000e+00 6.853562211885059208e-01 7.950375686171448630e-02
3.000000000000000000e+00 7.187096385431949175e-01 7.877263551344769466e-02
4.000000000000000000e+00 7.398971681841498560e-01 7.967239104666642979e-02
5.000000000000000000e+00 7.552341837253769841e-01 7.957463496594294194e-02
6.000000000000000000e+00 7.664993716412515923e-01 7.883559795802995429e-02
7.000000000000000000e+00 7.747990726902916903e-01 7.806983552188384579e-02
8.000000000000000000e+00 7.813183121851232649e-01 7.720566026692068928e-02
9.000000000000000000e+00 7.864927236031789004e-01 7.632738963258493825e-02
1.000000000000000000e+01 7.907275573110923439e-01 7.545011263243010802e-02
1.100000000000000000e+01 7.942265949373321643e-01 7.485839408340458356e-02
1.200000000000000000e+01 7.970957566050340670e-01 7.437279175583307034e-02
1.300000000000000000e+01 7.995695790287652427e-01 7.393883381255343668e-02
1.400000000000000000e+01 8.015834433701157780e-01 7.365820211742328538e-02
1.500000000000000000e+01 8.032908749722108555e-01 7.341199304055621988e-02
1.600000000000000000e+01 8.047622101147380302e-01 7.320022749434278164e-02
1.700000000000000000e+01 8.060012086404056975e-01 7.305584165390145712e-02
1.800000000000000000e+01 8.070526332090867117e-01 7.288135629534646387e-02
1.900000000000000000e+01 8.080525595871643763e-01 7.262838084913178505e-02
2.000000000000000000e+01 8.088499094152705737e-01 7.244240188820535997e-02
2.100000000000000000e+01 8.095664655079110039e-01 7.224364356954446342e-02
2.200000000000000000e+01 8.101976080131777502e-01 7.212632664810035565e-02
2.300000000000000000e+01 8.107217173608962657e-01 7.201637827736148689e-02
