1.000000000000000000e+00 6.447142554575799878e-01 7.106072065660511139e-02
2.000000000000000000e+00 6.630317298028385320e-01 6.775758369106507639e-02
3.000000000000000000e+00 7.016545417252821881e-01 7.168500727927032412e-02
4.000000000000000000e+00 7.242394023127934899e-01 7.015726769535067520e-02
5.000000000000000000e+00 7.427712773999068929e-01 6.926929655874546066e-02
6.000000000000000000e+00 7.620230835258083868e-01 6.844212827390920573e-02
7.000000000000000000e+00 7.780636276784138605e-01 6.651610499244602071e-02
8.000000000000000000e+00 7.910185785084236088e-01 6.466225004108498708e-02
9.000000000000000000e+00 8.025384598273249681e-01 6.324733775524535306e-02
1.000000000000000000e+01 8.127092065397063525e-01 6.204161321372340249e-02
1.100000000000000000e+01 8.210751963639121298e-01 6.092222140934482055e-02
1.200000000000000000e+01 8.282581656666636594e-01 6.003989910274214192e-02
1.300000000000000000e+01 8.344635182120287986e-01 5.957323259496745405e-02
1.400000000000000000e+01 8.399447293184285623e-01 5.921514773021173406e-02
1.500000000000000000e+01 8.448028315757918350e-01 5.899878579684803004e-02
1.600000000000000000e+01 8.490465967303167938e-01 5.896809321746426802e-02
1.700000000000000000e+01 8.529021341174988224e-01 5.896656986904463826e-02
1.800000000000000000e+01 8.563714964716790945e-01 5.906191922118931431e-02
1.900000000000000000e+01 8.595569692254008132e-01 5.917444743624632880e-02
2.000000000000000000e+01 8.624431973192203671e-01 5.931766836226904510e-02
2.100000000000000000e+01 8.650856635697254937e-01 5.945223528220083126e-02
2.200000000000000000e+01 8.675458525254287068e-01 5.963299482120005407e-02
2.300000000000000000e+01 8.698645388046243321e-01 5.983518364960054708e-02
2.400000000000000000e+01 8.719937782739327625e-01 6.001415416616167481e-02
2.500000000000000000e+01 8.739547744786827499e-01 6.019215100485422743e-02
2.600000000000000000e+01 8.757610735084491171e-01 6.037886611842097073e-02
2.700000000000000000e+01 8.774540997275577237e-01 6.055718221159592241e-02
2.800000000000000000e+01 8.790030777252069161e-01 6.069770063650398867e-02
2.900000000000000000e+01 8.804627027463121092e-01 6.080904549202616194e-02
3.000000000000000000e+01 8.818271591050350633e-01 6.093016430507659786e-02
3.100000000000000000e+01 8.831127547554430413e-01 6.104530780347408592e-02
3.200000000000000000e+01 8.842930984270002126e-01 6.115659359975337411e-02
3.300000000000000000e+01 8.853998482782151624e-01 6.124394969526978511e-02
3.400000000000000000e+01 8.864327776490884547e-01 6.134029970535455345e-02
3.500000000000000000e+01 8.873781136657239443e-01 6.142833935543001722e-02
3.600000000000000000e+01 8.882844725416012555e-01 6.150390478371325215e-02
3.700000000000000000e+01 8.891098493680440473e-01 6.155904128243028239e-02
3.800000000000000000e+01 8.898996096560429780e-01 6.161069730484768081e-02
3.900000000000000000e+01 8.906320476639243422e-01 6.167140851867507906e-02
4.000000000000000000e+01 8.913046132081248185e-01 6.174157788132750985e-02
4.100000000000000000e+01 8.919492471476709872e-01 6.180605626395218460e-02
4.200000000000000000e+01 8.925415443490524181e-01 6.186622428672969992e-02
4.300000000000000000e+01 8.930924947092052646e-01 6.192283947474332140e-02
4.400000000000000000e+01 8.936177382510533951e-01 6.196989756050927389e-02
4.500000000000000000e+01 8.941167620536144556e-01 6.200322843347713664e-02
4.600000000000000000e+01 8.945791299521045348e-01 6.203555443570635958e-02
4.700000000000000000e+01 8.950103962816485792e-01 6.205495376715039479e-02
4.800000000000000000e+01 8.954197552826611561e-01 6.206626449667397571e-02
4.900000000000000000e+01 8.957774580893197447e-01 6.206758367433997531e-02
5.000000000000000000e+01 8.961207899965976109e-01 6.206056003353836031e-02
5.100000000000000000e+01 8.964450103652048529e-01 6.205345778981526811e-02
5.200000000000000000e+01 8.967560637417952840e-01 6.205624443768727877e-02
5.300000000000000000e+01 8.970441259331045636e-01 6.204794177476947309e-02
5.400000000000000000e+01 8.973163488122208875e-01 6.205274795625091017e-02
5.500000000000000000e+01 8.975675840985386511e-01 6.206583657796513331e-02
5.600000000000000000e+01 8.978091852306679943e-01 6.208435861024682451e-02
5.700000000000000000e+01 8.980323183869340919e-01 6.209883126504236323e-02
5.800000000000000000e+01 8.982359960299842738e-01 6.211894132034779387e-02
5.900000000000000000e+01 8.984183931102204257e-01 6.213634015953084511e-02
6.000000000000000000e+01 8.986071445331259566e-01 6.214700203520445720e-02
6.100000000000000000e+01 8.987833379711824833e-01 6.215046094809065919e-02
6.200000000000000000e+01 8.989476865115835214e-01 6.215078832309828272e-02
6.300000000000000000e+01 8.991140852042908138e-01 6.215441611034817904e-02
6.400000000000000000e+01 8.992564077174661774e-01 6.216311002261842855e-02
6.500000000000000000e+01 8.994028755400657049e-01 6.216802362797137910e-02
6.600000000000000000e+01 8.995363905250640668e-01 6.216726914942728027e-02
6.700000000000000000e+01 8.996639517002388287e-01 6.217009147197669061e-02
6.800000000000000000e+01 8.997891365881603987e-01 6.217675431752468784e-02
6.900000000000000000e+01 8.999061162073139775e-01 6.217978448690837656e-02
7.000000000000000000e+01 9.000164561969947741e-01 6.218296939691359687e-02
7.100000000000000000e+01 9.001340894883940180e-01 6.218309290570397940e-02
7.200000000000000000e+01 9.002396564742511931e-01 6.218110742172613947e-02
7.300000000000000000e+01 9.003391165545141517e-01 6.217796049203903191e-02
7.400000000000000000e+01 9.004400244370082129e-01 6.217922307508973873e-02
7.500000000000000000e+01 9.005334971661566046e-01 6.217938247267872781e-02
7.600000000000000000e+01 9.006295054258399713e-01 6.218763944958371342e-02
7.700000000000000000e+01 9.007101547969785793e-01 6.219746673805833653e-02
7.800000000000000000e+01 9.007829046469018053e-01 6.220664154631171811e-02
7.900000000000000000e+01 9.008569612294791140e-01 6.221543295888028874e-02
8.000000000000000000e+01 9.009236972007688138e-01 6.222353977283503340e-02
