1.000000000000000000e+00 6.252785114098187158e-01 9.707258912430369313e-02
2.000000000000000000e+00 6.835326445302788434e-01 8.147229620597387645e-02
3.000000000000000000e+00 7.097813215600951020e-01 7.903715307716098482e-02
4.000000000000000000e+00 7.245969586195019074e-01 7.947174888391778103e-02
5.000000000000000000e+00 7.346534901950279028e-01 7.942709123961122497e-02
6.000000000000000000e+00 7.416499447427995495e-01 7.904354273913563600e-02
7.000000000000000000e+00 7.466142272736745467e-01 7.852012059732545179e-02
8.000000000000000000e+00 7.502846763577252220e-01 7.781232614394892333e-02
9.000000000000000000e+00 7.531438882741280372e-01 7.715351696132266568e-02
1.000000000000000000e+01 7.553646238594431406e-01 7.665300125092211481e-02
1.100000000000000000e+01 7.571209491991280904e-01 7.621077079664811960e-02
1.200000000000000000e+01 7.584938482246591507e-01 7.591671200098822070e-02
1.300000000000000000e+01 7.594396615774945403e-01 7.570582629496130922e-02
