1.000000000000000000e+00 6.192057069247192125e-01 8.966352039876583635e-02
2.000000000000000000e+00 6.832272971792676675e-01 7.538086700726936984e-02
3.000000000000000000e+00 7.186718215604406268e-01 7.547647178276475910e-02
4.000000000000000000e+00 7.428704886470580693e-01 7.712083437640304684e-02
5.000000000000000000e+00 7.610658706787054584e-01 7.779527002294681082e-02
6.000000000000000000e+00 7.751622415358641049e-01 7.749094284505700370e-02
7.000000000000000000e+00 7.861981036867827788e-01 7.654940062658481537e-02
8.000000000000000000e+00 7.949657996714913910e-01 7.553210975342171396e-02
9.000000000000000000e+00 8.018324373689749152e-01 7.477596894745480727e-02
1.000000000000000000e+01 8.075720047486106834e-01 7.394374004725381977e-02
1.100000000000000000e+01 8.122918518672490595e-01 7.326092113549334539e-02
1.200000000000000000e+01 8.161821719528552510e-01 7.278828913626916863e-02
1.300000000000000000e+01 8.194396815976431325e-01 7.238494109074196381e-02
1.400000000000000000e+01 8.221572317745029501e-01 7.199034868481479776e-02
1.500000000000000000e+01 8.245327647171885044e-01 7.153721793477534063e-02
1.600000000000000000e+01 8.266649693496092022e-01 7.114871888747338613e-02
1.700000000000000000e+01 8.285268563018114429e-01 7.079686586263733705e-02
1.800000000000000000e+01 8.302212080340229949e-01 7.046092350230552526e-02
1.900000000000000000e+01 8.316945763913916601e-01 7.024884074755848029e-02
2.000000000000000000e+01 8.330549174535376578e-01 7.005101212040806824e-02
2.100000000000000000e+01 8.342470698715171995e-01 6.983934475576358825e-02
2.200000000000000000e+01 8.353051359160225120e-01 6.964877262962186621e-02
2.300000000000000000e+01 8.362954103663318151e-01 6.941310703845472718e-02
2.400000000000000000e+01 8.371785921799357322e-01 6.925732163899396554e-02
2.500000000000000000e+01 8.379897750604383688e-01 6.908460681849563911e-02
2.600000000000000000e+01 8.387347430488764077e-01 6.889225033304169354e-02
2.700000000000000000e+01 8.393994061119978145e-01 6.876950193621829410e-02
2.800000000000000000e+01 8.399992303427309404e-01 6.866095233510265128e-02
2.900000000000000000e+01 8.405591670998014964e-01 6.859023901898513020e-02
3.000000000000000000e+01 8.410319579185286942e-01 6.850198136638564750e-02
3.100000000000000000e+01 8.414707416457601896e-01 6.840109836924039566e-02
3.200000000000000000e+01 8.418748289434988541e-01 6.834340264678705201e-02
3.300000000000000000e+01 8.422234188654995624e-01 6.828231929496897390e-02
3.400000000000000000e+01 8.425395471358142485e-01 6.822835006486466236e-02
3.500000000000000000e+01 8.428666385447808329e-01 6.816468171889276950e-02
3.600000000000000000e+01 8.431380629090151624e-01 6.810689965594499129e-02
