           1        4115
           2        6980
           3        7547
           4        5440
           5         524
           6        6587
           7        4077
           8        6859
           9         537
          10        6186
          11        3393
          12        3191
          13         161
          14        6467
          15         970
          16       10647
          17        6498
          18        5635
          19       11086
          20        3277
          21        5819
          22        3548
          23        8432
          24        3914
          25        2359
          26        2972
          27        1203
          28        3481
          29        6914
          30       10456
          31        1999
          32        7329
          33        2088
          34        6094
          35        7213
          36       10985
          37        2833
          38        7594
          39         112
          40        6399
          41        2626
          42        7555
          43        7767
          44        2310
          45        6153
          46        5237
          47        9083
          48         121
          49        2117
          50        1735
          51        8565
          52        3759
          53        3181
          54        9028
          55        8546
          56        2036
          57        6322
          58       10081
          59        6016
          60        6785
          61        7532
          62        1336
          63        9316
          64        5248
          65        2206
          66        3314
          67        1557
          68        7941
          69        4048
          70         991
          71        6374
          72        5738
          73        7006
          74        4531
          75        3598
          76        2383
          77        5425
          78        1306
          79        8688
          80        1914
          81        2602
          82        2095
          83        7940
          84         490
          85         372
          86       10513
          87        1998
          88        1265
          89         725
          90        9185
          91         144
          92        4223
          93        7465
          94        2347
          95        2905
          96        3212
          97         388
          98        4445
          99        1657
         100        5579
