           1   147.00000000000000        83.439247731210074        108.18543049316364        1.3750000040258759        1.8280991840028122     
           2   161.00000000000000        95.078057000262831        122.97400239245516        1.3750000003125906        1.8373946073315202     
           3   150.00000000000000        87.600923538605315        111.24561235185783        1.3750000023174225      -0.16770404402422448     
           4   146.00000000000000        81.847469025004045        108.17370388715840        1.1250000060732035       0.17261170438166726     
           5   143.00000000000000        81.473562331013966        105.87545157273185       0.37500002719141456        1.8241640948991900     
           6   146.00000000000000        86.609047503130711        110.05073490938875        1.6249999984708443        2.1721109534038474     
           7   130.00000000000000        74.076736190401036        96.624096432248209        1.8749999901444601        1.8143931424691282     
           8   151.00000000000000        86.157776348539528        112.63299535014383       0.37499999942702239        1.8289397983591325     
           9   152.00000000000000        91.198764617087889        115.89009184441915       0.37500000006886397        1.8314779048322756     
          10   145.00000000000000        84.903513684641069        109.07601041827787        1.1250000018030986       0.17128492338849816     
          11   149.00000000000000        86.190972761835624        112.18992954137369       0.37499999955603125        1.8351114720477026     
          12   152.00000000000000        94.863891126031788        114.03008654919785       0.37500000008386863        1.8323660947212215     
          13   126.00000000000000        71.449134667795022        93.640446206583348        2.1250000035159622       0.18871620266974110     
          14   152.00000000000000        86.827573934859913        113.68360197971599        1.1250000000213820       0.17035233540823613     
          15   149.00000000000000        87.880125074628296        110.85099990157302       0.37499999129618727        1.8267574284938692     
          16   138.00000000000000        77.575246763604525        102.11089885837855       0.62500000539688572       0.17245365388043382     
          17   155.00000000000000        93.521568501409263        118.34429739748141        1.1250000000613156       0.16347079379482998     
          18   136.00000000000000        81.350290538277179        103.86776429725954       0.37500002694556872        1.8247221748995790     
          19   137.00000000000000        102.79228820476166        102.79233198460355       0.62499999041623799       0.17721143573265302     
          20   154.00000000000000        89.163653283974540        116.70022043500236       0.37500000067803391        1.8321056291950155     
          21   144.00000000000000        87.218645340230026        108.37245712927255       0.87500000584209192        1.8294596742640321     
          22   161.00000000000000        94.465066166165329        121.51791707400034        1.3750000005918230        1.8382287544663196     
          23   154.00000000000000        88.500001384321152        116.89237982970505        1.8750000002176934        1.8310108870591668     
          24   161.00000000000000        97.730648087075465        121.60422076295724       0.87499999969617492        1.8381648971443425     
          25   148.00000000000000        88.328465251847533        110.89697607817985       0.62500000126319222       0.16917321934880464     
          26   136.00000000000000        79.789649625142246        102.79445241270152        1.1249999742008170       0.17734239374812938     
          27   146.00000000000000        81.869451085897794        106.63203493286737        1.3750000104428188        1.8276107964522930     
          28   160.00000000000000        97.129548884038883        121.96825258502180       0.87499999725194422        1.8355804579114459     
          29   153.00000000000000        91.523119555239802        115.44568818856497        1.1250000001532707        2.1641617684010539     
          30   150.00000000000000        85.483445991743594        112.20703519178501       0.12499999949927160       0.16959019752811771     
          31   134.00000000000000        73.661609479431206        97.185821573173556       0.87500000721673132      -0.18507707025181763     
          32   138.00000000000000        78.804143147421897        103.50167832148790        1.8750000075559201        1.8225508688899115     
          33   147.00000000000000        82.999993456140757        109.80049505784713        1.1249999990192063       0.17094607239825463     
          34   157.00000000000000        91.930158259651435        119.36359170713406       0.62499999974140963       0.16175968225576615     
          35   152.00000000000000        89.192618489462106        115.00189790156189       0.62500000063982142       0.16694602991385721     
          36   140.00000000000000        105.82126094537050        105.82128819043466       0.12499999644862320       0.17797642542567674     
          37   141.00000000000000        77.582170142535489        102.74826142465656       0.37500000493470553      -0.17754899356979439     
          38   150.00000000000000        87.816746129190463        113.64394053110203       0.62500000046932380       0.16932705931191441     
          39   138.00000000000000        78.169864458564618        102.59308490326040       0.37500002828278411        1.8236634702533319     
          40   144.00000000000000        81.895731830240479        106.83457552221864       0.37500000164161623        1.8304281061914802     
          41   150.00000000000000        85.630879118836063        111.74600129996188        1.8750000004524190        1.8271248228840198     
          42   146.00000000000000        86.660041728131432        109.60243254925048        1.1250000005389995       0.16907722876740314     
          43   156.00000000000000        87.528426538463705        115.83411473361157       0.62499999902381509       0.17079011468682376     
          44   161.00000000000000        95.905976846518314        122.51696002067320        1.6250000007153751       0.16376115002719191     
          45   142.00000000000000        85.134343915721857        106.65168897846245        1.1249999994099744       0.17651567582265276     
          46   165.00000000000000        95.965758019834169        124.25195062008368       0.37500000347396367        1.8399957544394701     
          47   143.00000000000000        107.07475354063237        107.07477399615051        1.8749999998099578        1.8300698233971708     
          48   150.00000000000000        86.420896315995378        112.13885881534887        1.1249999935353279       0.16823910107292042     
          49   148.00000000000000        85.242714105697132        109.58610935737521        1.8749999898258973        1.8262350741310156     
          50   145.00000000000000        83.615239408813665        110.37216053697054        1.3750000005290550        1.8298462873641552     
