           1   137.00000000000000        74.999999965293057        103.86751345947913       0.62500002399302801        2.1959133038960528     
           2   136.00000000000000        74.999999959297796        103.86751345948100        1.8749999884948452        1.8040867391459221     
           3   138.00000000000000        74.999999976692791        103.86751345947700       0.12499995761902213       0.19591327979558221     
           4   137.00000000000000        74.999999966485802        103.86751345948097        2.1249999963048039       0.80408669869468208     
           5   138.00000000000000        74.999999968112235        103.86751345948096       0.12499999039166303       0.19591329777346872     
           6   138.00000000000000        74.999999980773453        103.86751345948097       0.62500001256440219       0.19591329192245982     
           7   137.00000000000000        74.999999983480620        103.86751345948063       0.87499998318262884        1.1959132909848038     
           8   139.00000000000000        74.999999961435307        103.86751345948048       0.37500001995016247        1.8040867065955928     
           9   136.00000000000000        74.999999976236438        103.86751345947901       0.87500002589250825        1.8040866971279028     
          10   139.00000000000000        74.999999967369888        103.86751345948096        1.3750000042040096        1.1959133018873529     
          11   136.00000000000000        74.999999974994054        103.86751345947965       0.37499997731606555        1.1959132851158858     
          12   138.00000000000000        74.999999968712132        103.86751345947737      -0.12500004051986910        1.8040867227421915     
          13   138.00000000000000        74.999999972954129        103.86751345947913        1.1250000149733330       0.80408668297563146     
          14   139.00000000000000        74.999999965989815        103.86751345948112        1.6249999980260257       0.19591326034955214     
          15   137.00000000000000        74.999999965147865        103.86751345948063        1.3750000147177175        1.1959132935142172     
          16   138.00000000000000        74.999999969109723        103.86751345947739       0.37500003735309312        1.8040867006265098     
          17   136.00000000000000        74.999999964960111        103.86751345948063       0.62499999574080767       0.19591330596662668     
          18   138.00000000000000        74.999999961692495        103.86751345948063       0.62500001437577457       0.80408670424138984     
          19   136.00000000000000        74.999999992204806        103.86751345948096       0.62500000091348884       0.19591330262587256     
          20   138.00000000000000        74.999999992162060        103.86751345948049       0.87499998317310679        1.1959132998376614     
          21   136.00000000000000        74.999999973586768        103.86751345947961       0.37500001660624865        1.1959133070671775     
          22   138.00000000000000        74.999999947862690        103.86751345947685        2.1250000443953980       0.80408671910845986     
          23   139.00000000000000        74.999999968226859        103.86751345948112        2.1249999977082177       0.19591329168159508     
          24   138.00000000000000        74.999999948359118        103.86751345947883        1.8749999697141582        1.8040866964287954     
          25   137.00000000000000        74.999999959741388        103.86751345948097       0.62499999359218239       0.80408670007110727     
          26   137.00000000000000        74.999999964112604        103.86751345947739      -0.12500004016873179        1.1959132781702806     
          27   138.00000000000000        74.999999983226957        103.86751345948052        1.1249999856789494       0.19591330016876188     
          28   139.00000000000000        74.999999942959775        103.86751345948048        1.3750000132141009        1.1959133068633490     
          29   138.00000000000000        74.999999965287330        103.86751345948096        1.3749999999694447        1.1959133032592923     
          30   137.00000000000000        74.999999981390701        103.86751345948063       0.87500000847316983        1.1959133017166106     
          31   138.00000000000000        74.999999966454581        103.86751345948109        1.1250000101064994       0.19591328627490159     
          32   138.00000000000000        74.999999976014067        103.86751345947964        1.8750000244134395        1.1959132736893214     
          33   137.00000000000000        74.999999970514082        103.86751345948115        1.1249999991010531        2.1959132721191827     
          34   135.00000000000000        74.999999938745347        103.86751345947899        1.1250000271645253       0.19591330353901124     
          35   139.00000000000000        74.999999971591834        103.86751345948063       0.12500000797924310       0.80408669799699006     
          36   136.00000000000000        74.999999965941583        103.86751345948096        1.8749999970775681        1.1959133031541878     
          37   137.00000000000000        74.999999956572154        103.86751345947964        1.1250000221713732       0.19591329132154317     
          38   138.00000000000000        74.999999967334034        103.86751345948063       0.87499999810025086        1.8040866938010731     
          39   138.00000000000000        74.999999972751610        103.86751345948052       0.12499998436148120       0.80408670104271240     
          40   137.00000000000000        74.999999975441526        103.86751345947749        1.1250000392734918       0.19591327821675483     
          41   138.00000000000000        74.999999973373647        103.86751345948097       0.12500000839850092       0.19591329754512082     
          42   136.00000000000000        74.999999966046744        103.86751345948063       0.12500001605058916       0.19591329018723214     
          43   136.00000000000000        74.999999968445735        103.86751345947748       0.37500003946657184        1.8040867227201558     
          44   138.00000000000000        74.999999966102834        103.86751345947748        1.1249999601931515       0.19591327704574124     
          45   137.00000000000000        74.999999971971945        103.86751345948096        1.8749999980866967        1.1959133025588575     
          46   138.00000000000000        74.999999957526626        103.86751345948096       0.12500001450606002       0.19591326088715291     
          47   137.00000000000000        74.999999963385250        103.86751345947835       0.62499996990780038       0.19591323750190623     
          48   138.00000000000000        74.999999992535052        103.86751345947749        1.3749999606583623        1.1959132776429582     
          49   137.00000000000000        74.999999948023117        103.86751345948112       0.62500000414682977       0.19591326249064997     
          50   138.00000000000000        74.999999983882986        103.86751345948063       0.37499999858826188        1.1959133057704534     
          51   141.00000000000000        74.999999974514068        103.86751345947883       0.87500003140380478      -0.19591330033621843     
          52   138.00000000000000        74.999999975290351        103.86751345948096       0.12500000067778172       0.80408669678262346     
          53   136.00000000000000        74.999999982006230        103.86751345948109        1.3750000105648104        1.8040867107913450     
          54   136.00000000000000        74.999999973228867        103.86751345948097       0.12500000874280323       0.80408674474484410     
          55   140.00000000000000        74.999999973560719        103.86751345948063       0.62500000111067944       0.80408669378307385     
          56   137.00000000000000        74.999999974672207        103.86751345948063        1.1249999861322821       0.19591325795104511     
          57   137.00000000000000        74.999999943995675        103.86751345948063        1.6249999919843303       0.80408669572388880     
          58   138.00000000000000        74.999999967410261        103.86751345948048        1.1250000227218511       0.80408672805816461     
          59   138.00000000000000        74.999999975324442        103.86751345948112       0.62500000748883444       0.19591326326980882     
          60   135.00000000000000        74.999999965772631        103.86751345948097        1.3750000027785301      -0.19591330094530474     
          61   136.00000000000000        74.999999976220948        103.86751345948109        1.3750000064882015        1.8040867420637339     
          62   138.00000000000000        74.999999968824767        103.86751345948109       0.87500000400770894        1.1959132555148262     
          63   140.00000000000000        74.999999958442004        103.86751345948049       0.12499998734208087        2.1959132465963558     
          64   138.00000000000000        74.999999971798545        103.86751345948097        1.3749999958446857        1.8040866990762701     
          65   136.00000000000000        74.999999969813146        103.86751345947904        1.1249999734228882       0.19591330037946361     
          66   137.00000000000000        74.999999960253874        103.86751345947965        1.3749999858281412        1.8040866931058841     
          67   136.00000000000000        74.999999970938660        103.86751345947953       0.87500000467664030        1.1959132345897019     
          68   137.00000000000000        74.999999972710711        103.86751345948115        1.3750000033589540        1.1959132682851927     
          69   138.00000000000000        74.999999989768142        103.86751345948109        1.8749999946691946        1.8040867437157813     
          70   138.00000000000000        74.999999971279706        103.86751345947751        1.3749999614688657        1.8040867130658145     
          71   136.00000000000000        74.999999969997333        103.86751345948100       0.62499998819231983       0.19591329051774328     
          72   138.00000000000000        74.999999953575966        103.86751345948112        1.1249999922173730       0.19591328928080720     
          73   136.00000000000000        74.999999968841976        103.86751345947901       0.37499998770138526        1.8040867712454121     
          74   137.00000000000000        74.999999972330244        103.86751345947913        1.1250000266057008       0.80408674375778300     
          75   139.00000000000000        74.999999968851796        103.86751345948109       0.87499999514050997        1.8040867441246600     
          76   137.00000000000000        74.999999957334239        103.86751345948097       0.37500000231981245        1.8040866990600333     
          77   136.00000000000000        74.999999982478244        103.86751345947704       0.62499995850925627       0.80408672059948683     
          78   139.00000000000000        74.999999975307034        103.86751345948048        1.1249999784240383       0.80408671020579348     
          79   136.00000000000000        74.999999968908810        103.86751345948109        1.1250000086648013       0.80408674129418245     
          80   137.00000000000000        74.999999966544266        103.86751345948097        1.6249999993562796       0.19591324992654124     
          81   137.00000000000000        74.999999939145539        103.86751345948109       0.62500000215975504       0.19591325456417594     
          82   137.00000000000000        74.999999966440882        103.86751345948096       0.62500000364062147       0.80408675022356191     
          83   137.00000000000000        74.999999971135637        103.86751345947748       0.12499996024867448       0.80408672210292498     
          84   138.00000000000000        74.999999959532317        103.86751345947914        1.6249999781893012       0.19591330708420185     
          85   137.00000000000000        74.999999975017133        103.86751345947899        1.3749999715782137        1.8040867001686973     
          86   137.00000000000000        74.999999963480931        103.86751345947913        1.8750000100138784        1.1959133211870152     
          87   136.00000000000000        74.999999965597638        103.86751345947751        1.1249999645131770       0.80408669784700570     
          88   138.00000000000000        74.999999962506806        103.86751345948061        1.6249999921982297       0.19591330580469565     
          89   138.00000000000000        74.999999981026335        103.86751345948100        1.1249999906465333       0.19591329347851932     
          90   135.00000000000000        74.999999970059150        103.86751345947916       0.12500000846874132       0.80408667917549181     
          91   135.00000000000000        74.999999952578932        103.86751345948063        1.6250000057113980       0.19591330570352034     
          92   135.00000000000000        74.999999953183234        103.86751345948112        1.6250000064825911       0.19591326369057030     
          93   141.00000000000000        74.999999976125764        103.86751345947904       0.62499997706706933       0.80408669295106716     
          94   136.00000000000000        74.999999974330990        103.86751345948096        1.3749999919579399        1.8040866998142597     
          95   136.00000000000000        74.999999987449200        103.86751345947953        2.1249999762320892       0.19591329510198960     
          96   138.00000000000000        74.999999984610554        103.86751345948112        1.1250000016192390       0.80408670690640038     
          97   137.00000000000000        74.999999938957785        103.86751345948096        1.8750000031506258        1.1959133041031562     
          98   139.00000000000000        74.999999940570220        103.86751345947751        1.8749999657656715      -0.19591330678851479     
          99   139.00000000000000        74.999999972404623        103.86751345948109        1.3750000073066415        1.1959132917864783     
         100   137.00000000000000        74.999999945952553        103.86751345948052        1.6249999818277268       0.80408674135695468     
