#graph number	C_max	min observed optimized C	best optimized C angles
           1   68.000000000000000        37.499999978666722        51.933756729740558        1.6249999955017731       0.80408673830771837     
           2   68.000000000000000        37.499999987907330        51.933756729740551       0.62499999940727524       0.19591329482055794     
           3   68.000000000000000        37.499999975375736        51.933756729740018       0.62500001685128859       0.19591330449425773     
           4   67.000000000000000        37.499999982095176        51.933756729738398       0.37499995516920487        1.8040867195905976     
           5   68.000000000000000        37.499999991476678        51.933756729739905       0.12499997447065499        2.1959132698798411     
           6   68.000000000000000        37.499999990624026        51.933756729740566       0.87500000212266260        1.8040867114745853     
           7   68.000000000000000        37.499999976194189        51.933756729740018       0.62499997693213860       0.80408673638582340     
           8   68.000000000000000        37.499999993707974        51.933756729739628        1.1249999811409139       0.19591331310225862     
           9   68.000000000000000        37.499999990450291        51.933756729739365       0.87500003130773973        1.1959132536874562     
          10   69.000000000000000        37.499999985428182        51.933756729740523       0.62500001276189032       0.80408671643299412     
          11   68.000000000000000        37.499999979858231        51.933756729740161        1.3749999818858119        1.8040867094993747     
          12   68.000000000000000        37.499999993378090        51.933756729738569      -0.12500002330680435        1.1959133333219789     
          13   68.000000000000000        37.499999984182267        51.933756729740068       0.62500001634527513       0.80408670088264100     
          14   69.000000000000000        37.499999989520973        51.933756729740196       0.12499998830768008       0.19591329780996028     
          15   67.000000000000000        37.499999972967437        51.933756729740431       0.37500001349685380        1.8040867352894308     
          16   68.000000000000000        37.499999999329546        51.933756729738924        1.1250000394737860       0.80408672209154408     
          17   67.000000000000000        37.499999988702363        51.933756729738477        2.1249999578809264       0.80408671272063614     
          18   69.000000000000000        37.499999987980338        51.933756729738811       0.87499995962471011        1.8040867170693962     
          19   69.000000000000000        37.499999980770937        51.933756729740161       0.62499998044811778       0.19591327122054436     
          20   67.000000000000000        37.499999980301105        51.933756729740438       0.62500000328185057       0.19591329851648950     
          21   66.000000000000000        37.499999561443929        51.933756729740409        1.3749999904325498        1.8040867041716095     
          22   68.000000000000000        37.499999994864588        51.933756729740551        1.1249999895207572        2.1959132798947367     
          23   68.000000000000000        37.499999993493745        51.933756729740438       0.37499998937253931        1.1959132913283161     
          24   67.000000000000000        37.499999981439970        51.933756729738967        1.8749999617240698        1.1959132759789943     
          25   69.000000000000000        37.499999984712844        51.933756729740551       0.62500001045706788       0.19591328196945726     
          26   68.000000000000000        37.499999988792972        51.933756729738562        1.8750000421673305        1.1959132856912817     
          27   68.000000000000000        37.499999973051118        51.933756729740566       0.37500000640464487        1.8040867167472638     
          28   69.000000000000000        37.499999981406326        51.933756729738448        1.3750000435837366        1.8040867220160177     
          29   67.000000000000000        37.499999987082873        51.933756729739514       0.87499997156256781        1.8040867045844351     
          30   68.000000000000000        37.499999976630967        51.933756729739905        1.6250000245687484       0.80408671042029101     
          31   68.000000000000000        37.499999971300838        51.933756729739905        1.6249999821872352       0.19591330645080188     
          32   69.000000000000000        37.499999984132344        51.933756729740402       0.62499999023310826       0.19591329898553925     
          33   69.000000000000000        37.499999990766547        51.933756729740161        1.8750000152855060        1.1959132975619609     
          34   69.000000000000000        37.499999993788421        51.933756729740523        1.1250000128051079        2.1959132801872112     
          35   67.000000000000000        37.499999986310698        51.933756729739990       0.37499997806955215        1.1959132969899655     
          36   68.000000000000000        37.499999918161478        51.933756729740168        1.8749999804978814        1.8040867254918178     
          37   69.000000000000000        37.499999996779998        51.933756729740573        1.3750000060132379      -0.19591328344041531     
          38   68.000000000000000        37.499999974931512        51.933756729740523       0.37500001221900442        1.1959132693116667     
          39   68.000000000000000        37.499999996627054        51.933756729738931       0.87499996077184561        1.8040867191638308     
          40   68.000000000000000        37.499999987006888        51.933756729738604       0.37500004130884373        1.1959132778598689     
          41   70.000000000000000        37.499999979945102        51.933756729740551       0.37499998917903921        1.8040867256774671     
          42   68.000000000000000        37.499999987143937        51.933756729738839      -0.12500004026088662        1.8040867211432998     
          43   69.000000000000000        37.499999984247985        51.933756729740395       0.12499998534351803       0.80408670807071114     
          44   68.000000000000000        37.499999994467835        51.933756729738427       0.62500004374635432       0.19591328662681290     
          45   70.000000000000000        37.499999987730178        51.933756729739656        1.8749999740772962        1.8040867034858776     
          46   69.000000000000000        37.499999980162592        51.933756729738477        1.6250000382358183       0.80408669321292592     
          47   68.000000000000000        37.499999973854820        51.933756729740523        2.1250000025276767       0.19591329629537244     
          48   68.000000000000000        37.499999989529229        51.933756729740189        1.6249999876627883       0.19591329912079405     
          49   69.000000000000000        37.499999987760233        51.933756729738924       0.12499996091605145       0.80408671295631906     
          50   68.000000000000000        37.499999982386583        51.933756729740196        1.8750000127113697        1.8040867020646694     
          51   69.000000000000000        37.499999977922727        51.933756729739876       0.37500001058511379        1.1959132356687621     
          52   68.000000000000000        37.499999979413495        51.933756729738839        1.1250000401398395       0.80408672213388976     
          53   68.000000000000000        37.499999978862590        51.933756729738924        1.3749999605186356        1.8040867220345249     
          54   68.000000000000000        37.499999984664214        51.933756729740395        1.3749999840158842      -0.19591326442351575     
          55   67.000000000000000        37.499999986084141        51.933756729739493        1.6250000289500237       0.80408670091833245     
          56   68.000000000000000        37.499999777723588        51.933756729740047        1.6250000176503367       0.80408670262127202     
          57   68.000000000000000        37.499999986171048        51.933756729740402       0.37500001419408069      -0.19591326064115588     
          58   67.000000000000000        37.499999976891857        51.933756729739095       0.37500000245557430        1.1959133350532991     
          59   69.000000000000000        37.499999984821734        51.933756729739542        1.1250000155659041       0.80408668217916957     
          60   68.000000000000000        37.499999987704541        51.933756729738803        1.3749999593886193        1.8040867130823033     
          61   69.000000000000000        37.499999982322620        51.933756729739102        1.3750000104887206        1.8040867806985268     
          62   68.000000000000000        37.499999980635927        51.933756729738271       0.87499995399385233        1.8040867155682969     
          63   67.000000000000000        37.499999991043786        51.933756729739905       0.87500002422310963        1.1959132912435684     
          64   70.000000000000000        37.499999987975841        51.933756729739372       0.62500000450155413       0.80408677849616927     
          65   70.000000000000000        37.499999979940306        51.933756729738924        1.3749999604336420        1.1959132795359979     
          66   67.000000000000000        37.499999981737865        51.933756729740601       0.87500000043068848        1.1959132752323853     
          67   68.000000000000000        37.499999997894662        51.933756729740580       0.37499999878972423        1.8040867170458628     
          68   68.000000000000000        37.499999975903023        51.933756729740402        1.8749999903029115        1.8040867010479362     
          69   68.000000000000000        37.499999982142498        51.933756729740047       0.37500000929523125        1.8040867569993495     
          70   68.000000000000000        37.499999972154221        51.933756729738811       0.87500004086212368        1.8040867231492030     
          71   68.000000000000000        37.499999994366320        51.933756729739997        1.1250000088485110       0.19591323837430488     
          72   70.000000000000000        37.499999983514506        51.933756729739095        1.8750000336206547        1.8040867009014068     
          73   67.000000000000000        37.499999996721513        51.933756729740530       0.87499998914561528        1.1959132836742294     
          74   68.000000000000000        37.499999987549387        51.933756729740601        1.3750000002360550      -0.19591327670727410     
          75   69.000000000000000        37.499999982811310        51.933756729740189       0.62500000141318024       0.80408675440801414     
          76   68.000000000000000        37.499999988719367        51.933756729740551        1.8749999907770294        1.8040867330947976     
          77   68.000000000000000        37.499999971308469        51.933756729738924       0.12500003377987998        2.1959133097892876     
          78   67.000000000000000        37.499999996128615        51.933756729740523        1.1250000003996070       0.19591329854167605     
          79   67.000000000000000        37.499999980895268        51.933756729740075       0.62499997991718070        2.1959132826584451     
          80   68.000000000000000        37.499999980270530        51.933756729740409       0.87499998716707461        1.1959132618427124     
          81   69.000000000000000        37.499999992429046        51.933756729739095        1.8749999655041112        1.8040867046426361     
          82   69.000000000000000        37.499999996007986        51.933756729740395       0.12499998921142941       0.80408670154809259     
          83   68.000000000000000        37.499999974212614        51.933756729740523        1.8750000054132980        1.8040867437904129     
          84   69.000000000000000        37.499999984430112        51.933756729740189       0.12499998335890097       0.80408670887549860     
          85   68.000000000000000        37.499999974058845        51.933756729738441        1.1249999561134056       0.19591327914707393     
          86   68.000000000000000        37.499999990803410        51.933756729740530       0.62500000228702579       0.80408670488681844     
          87   69.000000000000000        37.499999980917892        51.933756729738924        1.6250000395175457       0.19591327799400401     
          88   68.000000000000000        37.499999995472464        51.933756729738839        1.1249999598756664       0.19591327740621786     
          89   67.000000000000000        37.499999779051059        51.933756729740438        1.3750000044276376        1.1959132987436003     
          90   68.000000000000000        37.499999994137262        51.933756729740580       0.87500000293771241        1.1959132761473845     
          91   68.000000000000000        37.499999993512695        51.933756729740523       0.87500000279083523        1.1959132544834972     
          92   68.000000000000000        37.499999985087648        51.933756729738953       0.12499996145232621       0.80408671548454624     
          93   69.000000000000000        37.499999970671148        51.933756729738931        1.3750000393724378        1.1959132777700918     
          94   68.000000000000000        37.499999977176429        51.933756729740040        1.3749999822181478        1.1959132991517381     
          95   70.000000000000000        37.499999978801185        51.933756729738953       0.87500003742392962        1.8040867412501442     
          96   69.000000000000000        37.499999989479392        51.933756729739898        1.3750000222290082        1.8040867008801167     
          97   68.000000000000000        37.499999979608255        51.933756729740431       0.87499999436373621        1.1959132528927061     
          98   67.000000000000000        37.499999986549369        51.933756729738434        1.6249999988422716       0.80408665213547681     
          99   69.000000000000000        37.499999980166251        51.933756729740402        2.1249999867304745       0.80408670631704726     
         100   69.000000000000000        37.499999975618664        51.933756729740161       0.37500001759576768        1.1959132597879036     
