           1   80.000000000000000        48.480389028456024        61.546113694465376        1.1249999998318017       0.16900559821854128     
           2   76.000000000000000        44.301456348445498        56.067604453414972       0.37499999914540250        1.8250237612073186     
           3   77.000000000000000        44.302929842755717        58.041262925593891        2.1250000026838300        2.1682155336951139     
           4   71.000000000000000        43.662250870218259        54.325479637652208        1.1250000293972648       0.17923127483513798     
           5   83.000000000000000        46.551623995327482        61.220112858413650       0.37499999927390798        1.8339497341586866     
           6   66.000000000000000        48.372208811695984        48.372214433720004       0.62499996145822190        2.1825924941930714     
           7   85.000000000000000        50.022249383291850        64.951336421286058       0.87499997574433575      -0.15716739508434116     
           8   85.000000000000000        54.433866078683600        66.035207170771628        1.8749999958058852        1.8439469353684392     
           9   80.000000000000000        50.798641234938607        61.138710486998825        1.8749999997781572      -0.15874523488816350     
          10   75.000000000000000        44.781502506808096        57.175037666175740       0.12500000462942365       0.17286815772788305     
          11   81.000000000000000        47.922341453217413        60.954619803865548        1.8750000003343954        1.8356470269718086     
          12   78.000000000000000        48.124882473618150        58.833119866710732       0.37500000064302141        1.8314352762792969     
          13   76.000000000000000        43.999988935639571        57.802715683991735       0.37499999974634207        1.8332227038691853     
          14   68.000000000000000        40.688249140282650        52.226980512123951       0.12499997591735572       0.17790100731752345     
          15   79.000000000000000        45.541020215572864        59.915961171120657        1.6250000012534815       0.16630539179750770     
          16   71.000000000000000        41.159234133928734        54.758161928800853       0.37499998828230363        1.8235277913998114     
          17   72.000000000000000        53.772782031013875        53.772811662070438        1.1249999975466347       0.17521942593749784     
          18   84.000000000000000        48.688989840267851        63.091949543319409        1.1250000019772952        2.1590336992074288     
          19   68.000000000000000        41.311980488778985        51.757567485183131       0.12500003760014741       0.18108327769299798     
          20   70.000000000000000        39.667606387514198        53.173187887079699       0.37499996629110000      -0.18202369653724645     
          21   71.000000000000000        44.802096845851445        54.496673115432458        1.3750000396242588        1.8195511117215053     
          22   81.000000000000000        46.395724827801736        59.819100785165652        1.8749999999740723        1.8339500564530971     
          23   79.000000000000000        47.524617575542166        61.000198216575498       0.87500000040396131        1.8356393335807657     
          24   70.000000000000000        39.253177020566099        52.584147559196936        1.8750000064467680        1.8189707856932842     
          25   83.000000000000000        47.302287161634410        61.374376903900242       0.37500000151920587      -0.16452219822436398     
          26   71.000000000000000        41.306435442117056        53.343137325757716      -0.12499998335456897        1.8244851751185285     
          27   77.000000000000000        45.261441901518040        57.657449437165070        1.1249999998899101       0.16998688202613851     
          28   68.000000000000000        50.455600861290961        50.455662281035785        1.3749999814098102      -0.18398324255028442     
          29   75.000000000000000        44.494798953707807        57.537754453211171       0.37499999950935753        1.8368818691050888     
          30   65.000000000000000        39.303437771104733        48.726504175478304        1.3749999836339242      -0.17824544112645055     
          31   76.000000000000000        46.766016895755243        57.549106702542304        1.8750000046630455        1.8305688400271389     
          32   72.000000000000000        41.866869288686523        54.678309569227949       0.37500000058484928        1.8310273948683744     
          33   80.000000000000000        48.363143176453910        59.287768346911328        1.1249999993599085       0.16652514135123958     
          34   74.000000000000000        44.203342021738251        56.799857043559918        1.3750000005308329        1.8243342998169980     
          35   79.000000000000000        43.999984220906661        58.565463003797298       0.87500000047253568        1.8269768828057145     
          36   83.000000000000000        49.698085830789857        64.474410363983637        1.3750000063773267        1.8415429463586568     
          37   81.000000000000000        45.896565441160433        60.098694287402083       0.12500000107295522        2.1682255164445476     
          38   73.000000000000000        42.286506467095165        54.012803338240509       0.62499997916884920       0.17562071388704945     
          39   88.000000000000000        51.519473803186919        65.937608182921579        1.3749999938008737        1.8451347301386480     
          40   73.000000000000000        42.133241930106308        54.598674666224888       0.87500001023426244      -0.17386232855036063     
          41   74.000000000000000        42.500000818376840        56.577835669921029        1.8750000011709265      -0.17336680426375875     
          42   77.000000000000000        44.523662533132409        57.027436528103287       0.87500000052312732        1.8288448349837443     
          43   78.000000000000000        47.115267676499897        60.353017150434397        1.8750000001098590        1.8346082804304447     
          44   84.000000000000000        49.130036603410645        63.791179357243365        1.1250000012805370        2.1604255109232393     
          45   74.000000000000000        41.741025343335473        55.383228182875655       0.37499998014124902        1.8245439551839546     
          46   75.000000000000000        45.064335058735445        56.294412554418336       0.12500001249614148       0.17151834198936852     
          47   73.000000000000000        41.516390415435602        55.007163160382788       0.62500000054665106       0.17038762122287449     
          48   82.000000000000000        53.342566744824509        62.895583043701045       0.12499999914489329       0.16246827880946083     
          49   71.000000000000000        42.680510857150921        54.509555758179239        1.8750000148791302        1.8261866098636104     
          50   83.000000000000000        46.965936394546716        61.892859210276598       0.12500000104320924       0.16582918575952080     
