 
Graph 1 Optimal = 80.0
0000000000000000000000011000000000011000000010100
000000101001001100000000000000000000000100000000
10000000000000100010000000100000000100100000010
0000000100000000000000100000000000010000000000
010000001000000000000000000000000000000100000
00000001000000000000000000000000000000110000
0000000000010110000001000001000000000000000
000100000000000001000000000000000000001000
00000000001000000000001001000000000000000
0000000000000000000000000000000000100000
000000000000000000100000000000000100000
00000000000000000100000000000000100000
0000000010000000000000000100000000000
100000000000000000000010000000000000
00000000010000011000000000000000000
0000000000000000000000000011000001
000000000001100000000000000000000
00000000001000000000000001000100
0000000010100000000000001000000
000000000000010000110000000000
01000010000000000000000000000
0010000000000000000000001001
000000000000100000000000010
00000000000100000000000011
0000000100000001000000000
000100000000000000000000
00000001000000000000000
0001000000000000000000
000000000000000000000
00000000000000000000
0010000000000000100
000000001000000000
00100000000100000
0000000000000000
000000000000000
00000000000000
0000000001000
100000000000
00000000000
0000010000
000001010
10000000
0011000
000000
00000
0000
000
00
0
 
Graph 2 Optimal = 76.0
0000010000000000000000000100000000000000010000000
000000001000000100000000000000000100000000001000
00000000000000000000000000000001100000100000000
0000000100010000000000000000000100000000000000
010010001001000000000000000000010000000000000
01000000000000100000000000000000000000000000
0000000000000000000000000000100010000010100
000000000010000100010000000000000000000000
00000100000100010100000000000000000000000
0000000010000000000000000000001100001000
010000000000000000000000000010000000000
00000000100000000100000000000000000000
0000000000000000000000000000010000000
010001000000000000100000000000000000
00000000100000010000000000000000000
0000000000000000000000000000000000
100000000000000000000000001000000
00000000000000000000001000100100
0000000000000000000000001000000
000010001000000000100000000000
00000000000010000100000000000
0000000000001000000000000000
010000000000000000000000000
00000000000000010000000000
0000000000000000100000000
000001000000000000000000
00001000001000000000000
1000001000000000000000
001000000000000000000
00000000000000000000
0000000000000000000
001000000010100010
00000000000100100
0010000000100010
000000000000000
00000000000000
0100000000000
000000000000
00000000100
0101001000
000010010
00000000
0000000
000000
10000
0000
001
00
0
 
Graph 3 Optimal = 77.0
0000000000000000000000000000000000000100000000010
010000001000000000000000000000000000000000000000
00000000000000000000000000110001000000000010000
0000100000010000000000000100000000000000001000
000000000000000000000000000000000100000000000
00000000000001000010000000000000000000000010
0000000000000000010000000000000000000000000
000000000000000000000110000000000000000100
00000000000000101010000000000000011000000
0100000100000000001000000000000000000000
010000000100000000000000000000000000000
00001000000000000000000000000000010000
1000000000000000000000000000000000010
000000100000000000000000000000000000
00010000000000000000000000000000001
0100000000010001000000000100000000
000000000000000000000000000000001
00000000000000000000001010000000
0000000000000000000000000000000
000000000101000000000010000000
00000001000000100000000110000
0000001001000100000000000000
000000000000100000000010000
00000100000011000000000000
0101000100000000000000000
000000000000000000000000
00000000001100000000010
0000100000001000000000
000000000000001000000
00010100000000000001
0000000000000000000
000000000000001000
00010000000000000
0000000000000000
000000000000000
10000000000000
0000001000000
000000001100
00000100100
0011000000
000000010
00000001
0000100
010000
00000
0000
010
11
0
 
Graph 4 Optimal = 71.0
0100000000000000000000000000000001000000001000001
000010000000101000000000000000000010000000000000
00000000000000100000000000000000010000000100000
0000000000000000000010010000000001000000000000
000000000000000001000000000000000000000010000
00000000000000000000000000000000010010000000
0000100000010000000100000110000000000000000
000010000000000000000000000000101000000000
00000000000010000000000000000000000000100
0000000000001000000000000000000000000100
010000000000001000000000000001010000000
00000000001000000001000000000000000000
0000000000000100001000000000000000000
000000000000000000100000000000000001
00000000000000000000000000010000000
0000000000001000000000010000000000
000000000000000000000000000000000
00000000000000000001000000000000
0111000000000000000000000000000
000000100000000000000100000000
00000000000000000000000100100
0000000000010000000000000000
000000010000001000000000000
10000000000000000001010010
0100000000000000000000000
000000100000000000100001
00000000000000000000000
0000000000000000000000
000001000000010000000
10000000010000000001
0000000000100000010
000000000000000100
00001000000000000
0001000000010000
000000000000000
00000000001000
0000000000100
000000000010
00000100000
0000000000
000000000
00000101
0000100
000000
00010
0000
000
00
0
 
Graph 5 Optimal = 83.0
0000000000000000000100001000000000000100000000000
000000000000000001000000000000011000001000000000
00001000000000000000000000010000000010000100000
0001000110000010000000000000000000000000000000
000000101000100000001000000000000000000000000
00000000000101000011000100000000000000000000
1000000000000000000100001001000000000000000
000000000000010000010000000100000000010000
00000000000000010000000000000000000001000
0000000000000000010000000000000010010000
000000000000000010000010100000000000001
00000000000000000000100000010000000000
0000000000010100000000000000000010000
000000000000000000000000010000010000
00000000000000000000000100000000000
0000000000000000001000000000010001
000000000000001000001000000000000
00000000011000000000000000000000
0000100000001000001010000000000
000000000000000000000000000000
00000000010000000000000000000
0000000000000000000000000000
000001000000001000000100000
00000000000000100000000001
0000000000000000000000000
100000000000000000000000
10000100000000000000001
0000000000000100000010
000000000011010000000
00000000000000000000
0000000000000000100
000010100010000000
00100001000000100
0000000000100100
000000000000000
00000000000000
0000001000110
000000000000
10000000000
0000000100
100100000
00000000
0000000
010000
00000
0000
001
00
0
 
Graph 6 Optimal = 66.0
0000000000010100010000001001000000100000001000000
001000100000000000010000000000000000000000000010
00000000000000100000000000000110000000000000000
0000000000001000000000000000000000000000000000
000000000000100000000000000000000000000000000
00000001000000000000001000000000000000000000
0000100000000100000000000000000100000100000
000000000000000000000000000000000100000000
00010100000000000000000000000000000000000
0000100000010000000000000000000010000000
000000000000000000000010000000100000000
00010000000000000000000010000000000000
0001000001000000000010000000000000000
000000000000000000000000000000000000
00000000000000000000000000000000011
0010000000000001000000000000000000
000010000000000000000000000000000
00000000000000000010000000000000
0000000000000000000010100001100
100000000000000000000000000000
00000001000000000010000000000
0000000000000000000000000000
000000000000000000000000000
00000000000000000001000000
0000000000000000000000000
000000000000000000000000
00000000001010000010000
1000000000000000000000
000000000000000100010
00000000001000000000
1000000100000000000
010100000000000000
00000000000000000
0000000000000000
000001000000000
00000000000000
0100000000000
000000000000
00010000000
0000000000
000000111
01100010
0000010
000001
10000
0000
000
00
0
 
Graph 7 Optimal = 85.0
0000000000001000000000000000000000000100000010000
100000000000000000000000000000000010000000000100
10000000000010100000000101000100000011000010000
0000000010000000000000000001000000000000100000
000000000000100000100010000100000000001000000
10000000000100000000000000000000000000000000
0000010000000100000100000000001000000000000
000000000000000000000000100000000000000100
10000000000110010000001000000000000000000
0000010000000000100000000000010000100101
000000000001100000000000000000010000000
00000000000000000000000000000001000000
0000100000000010000000000000000000010
000000000000100000010000000000000000
10000000000010000000000000000000000
0000000100000000000000000110000000
000000100000001000000000101000010
01000000000000010000000000000000
0000000000000000000000000000000
000001010000000010000000000000
00000000000000000000000010000
0000000110000000000000100000
000000000000000001000010000
00000000000000000000000001
0000010000000000000000010
001000000000000001000011
10000000000000000000000
0000000000000000000001
000000000000000000100
00000000000100010000
0000100000000000100
000000000000000100
00100000010000000
1000100000000000
000000100000000
00000000000000
0000000000000
010010000000
00001000010
0000000000
000100000
00000001
0000001
000000
00010
0000
000
00
0
 
Graph 8 Optimal = 85.0
0000100010000000000000000000000010000000000000000
000000010001001000000000000001000000000100000000
01001000001000000000000000010010000000001100000
0000000000000000000000000000000000001000000000
000000000000000010000000000000000000000000000
00100001000100010000000000000000000000000000
0000000000000000000001000000000000000000000
000000000000000000000000000000000000000000
00000000000000000000100000001100000100000
0000000000000000000000000000100000000000
001000000000100000000000000000001000001
01100000000000000100000010001100001011
0000000000000000000011000000000000100
000000000000010000000100000010010000
00100010110000000000000000000000000
0000000000000010000000000000000100
000011000001100000000000000000000
00100000000000010000000000000001
0100010000001000000000000000000
000000000000101000000000000000
10000000000100000000001001000
0001000000000000000000000000
000000010000000100000000000
00000000000000001000000000
0000000010000000000000000
000000010001010001000001
00000000000100011000000
1000000000010000100000
000000000000100000000
00000000010000000100
0001000000000000000
000000000001000000
00000000000000000
0010000000000000
000000000101000
00110000000000
0000000000000
000000001000
00000000001
0000000000
001010000
01000100
0000000
000000
00010
0000
000
00
0
 
Graph 9 Optimal = 80.0
0000000000000000000000000000000010000000000001000
000000000000010000000000100010000000000000000001
00000000000000000001000000000000000000000000000
0000010001000000000000000000000000000000000000
000000100000010000000000000000000000100110000
01000000000001000000000010000000000000000000
0000100000000000000100010100001000100000000
000000000000001000100100001100000000100000
00000001000000000000000000000000000000000
0000000000000000000000000000000001010000
100000011100010000000010010000001000000
00000000000000000001000000000000000011
0000000000000000000000111001000000000
000000000000000000000001000000000000
00000000000000000000000000000000000
0000000100000000100000100000000000
000000000000000100000000000110101
00000000000010000000000010001000
0000000010000000001100000000000
000000000000000000100000000000
00000000000000100000000000000
0000000000000001000000000000
000000010100000000000010010
00000000000000000000000000
0000000000000001000001000
000000001000000000100001
00000010000000000000000
0000000000000100000000
000000000000100000000
00000000000000000100
0001000000000000000
100000000000000000
00000000000000000
1000100000100000
000001010000000
00000000000100
0000000000000
000001010000
00000000011
0000000010
000000001
01000000
0000000
000000
00000
1000
000
00
0
 
Graph 10 Optimal = 75.0
0010000000000000100000000000000110000000000000000
000000000001000001000100000000000000000000000000
00011000000000001000100000000000000000001000000
0001000000000000000000000000000011000000000000
100000010000000000100000100000000000010001000
00000000000000000000000000001000000000000001
0000100000000100000000000000000000000000000
100100100100000000000000000000100000000000
00000000010000000000000000000000000001000
0000000010000000000000000000000000010000
100000000000000000000010000000000000000
00000000000010000010000000000000010000
0000110001000000000000000000000000000
001000001000000000000010000101000000
00001000000001000000100001000000000
0000100000000000000001000000000000
000000000000000000100000000100000
00000001000000000000000000000000
0000000000000001000000000000000
000001100000000001000000000000
00000000010000000000000100000
0000001000000000000001000000
000000000000000000010000000
00000011000010000000000000
0000000000000100000100000
001000000000000000000000
00010100000100000000000
0000000000001000000000
000000000000000000000
00000000000000000000
0000000000000000000
001000000000010000
00000000000001000
0100000000000000
010000000000000
00000000000000
0000000000000
000000000000
00000000010
1000000000
000000000
00000000
0000000
000100
11000
0000
000
00
1
 
Graph 11 Optimal = 81.0
0000000000000010000000000000000000000000000010000
000000000000010000000000000000000000001000000000
10000000001000000000000000000000001000000010000
0000000000010000000000000000000100010000000000
000000001000000000100000000010000000000010001
00000000000000000000000001000000000010000000
0001100000000001100000000100000000000000000
000000000000000000010000000000000100000000
00010000000000000110010000000000110000000
0000010000000000000010000000000100000000
000000000000000000000000000100000000100
00000000100000000001000000000000001000
0010000000010000000000100000000001000
000000000000000010000000000000000000
00000000000000000001000000000000000
0000000100000001100000000001100000
000000000100000000000000000000000
00000000000000000000100000000000
0000000000000000000000000000100
010000000000000000000000001000
01010000000001000100000000000
0100000010000001000000000000
000000000000000000000000001
00000000001000000000000000
0000000010000000000000000
000000000100100000000100
00000000010000000110000
0000000000000000000010
010000000000000000100
00000000000101000000
0000000000000000000
000000000000000000
00001000010000000
0100000010000000
000000000100101
00000000000010
0000000000000
001000000000
10000010000
0010001000
000010000
00000100
0000000
000100
00010
0000
000
00
0
 
Graph 12 Optimal = 78.0
0001100000000000000110000000010010000000000000000
000000010000000100001000000010000000000000000000
00000000000000000000100000000000000000000010000
0000000000000100000000000000000000000001100000
000001000000000000001000000000000000100000000
00000000001000000000100000001000001000000000
0000000000001000000001000000001000100000000
100010010100000000000000000001000000000000
00000000000100000001000000000000110000000
0000001000000000100000000000100000000000
000000100000100000010000000001000000000
00000001000100000000000001000000000000
1000000000010000000000000000000100000
000100000000101000100000000000000101
00000000000000000000010000000000000
0000000001000001000000001010000000
000000100000100000000000000000000
00000000000000000000000000000000
0011010000000000000001000000000
000000000000000000000000000000
00000000000000000001000000001
0000000000000000000000000000
000000000000000000000000000
00000000000000000000000100
1000000000000000000000010
100000000001000000000000
00000010000010000000000
0000000000000000000000
010000000000000000000
00000000000100000000
0000000000000000000
010000000000000000
00000000000010000
0000000000000000
000100000000010
00000000010000
0000000100000
000000100001
10000000100
0000000000
000001000
00000000
0000000
000010
00000
0000
001
00
0
 
Graph 13 Optimal = 76.0
0000001000010000000000000000000000000000000000000
000000001000100000000000000000000000000000000000
00000000000000000001000000000000000000000000000
0000100000000100000000010000000000000000000000
000000001100001000000000000000000000000000000
10000000000000000010000001001000000010000000
0000001000000001000000000000000100000010000
000101000000000000000101000000001011001000
00001000001000000000001000000000000100000
0000000000000000000000001000000000100000
000000000000000001000000000100010000000
00000000000000010000000001000000000000
0000000000000000000000000000000000000
000010000001000010000001000000000000
00100000000000000000000000000000000
0010000000000000000000000000010000
100000000000000000000000000001110
00000100000000000000000000000000
1000000000000000000010000000100
010000000000000000001000000010
00000000000000000000000000000
0000000000000001100000000000
010000000000110000000000000
00000000000010000001000000
0000000000000000000000000
000000000000000001000000
01001000000000000000000
0000001000000101000010
000010000000000000000
00000000100000000010
0000100000000000000
010000000000000010
00000000000100000
0000100000000100
000100000000000
00000000000001
0000000010000
000010000001
00000100000
0010000000
000000000
00000000
0000100
000000
00000
0000
000
00
0
 
Graph 14 Optimal = 68.0
0000000000001000000000000100000010000000100000000
000000000000000000000100000001000100000000000000
00000100000001000100000000000000000000000000000
0100001000000000000000001000001000000000000000
000000011000000000000000001000001000000000000
00000000000000000000000101000000000000000000
0000000000001000000000000000000010000010000
000000000000000000000000000000000000000000
00000000001000000000000000000000000000000
0000011000100000000100000000000100000000
000000001000000110100000000000000000010
00000000100100000010000000000000000000
0000000010100000000000000000100000100
000000000000000000000000010000000000
00000000000000000001000000000000001
0000000000000000010000000000000000
000000000000000000000000000000001
00000000000000000010001000000000
0000100101000100000000000000000
000000000000000010000000000000
00000000000000100000000000000
0000000000000000000000000000
000010000100000100000000000
00000000001010000000000000
0000000100000000000000000
000000000010000000000000
00000000000100000000000
0000000000000000000000
001000000000000011000
00100000011000000000
0001000000000000000
000000000000000010
00000000010010000
0000000001000000
100000000000000
00100000000000
0000000000000
000000000000
00000000000
0010000000
000000000
00001000
0000100
000000
00000
0000
000
00
0
 
Graph 15 Optimal = 79.0
0000000000111000000000000100000011000000100000000
000010000010000100000001000000000000000100100000
00000100000000010000100010100000000000000000000
0000100000000000000010000010000000000010000100
000001000000000000000000100000000000000000000
00000000100000000110000000000000000100000000
0000000000000100000000010001000000000000000
000000000000000110010000000000000000001000
10000000000000000000000000000000100000001
0000000000000000000010001010000000000000
000000001100000000000000010000000100000
00000000000000000000000000000010000000
0010000000100000000000000000000000000
000000000001000000000000000000000000
00000000000001000000000000010000010
1000000000000000000100000000100000
000000000000000100001000000000000
00001010000010000000010000000000
0100000000000000000000000000000
000000001000000000000000000000
00000000000000001000000000000
0000000000000000000000000010
000000000000000000000010000
01000000000001000001000000
0000000000000000000000000
000000010000000000000000
00000000010000000000000
0000000100000000000000
100000000000000000000
00000100000000001000
0000000001000000000
000001000000000000
10000000100000001
0000000000000000
000000010010000
00000000000000
0010000000000
001000000000
00010000000
1000000000
010000000
00010000
0000001
000000
00001
0000
000
00
0
 
Graph 16 Optimal = 71.0
0010000000100000000000000000000000000000000000000
000000000000000000000000001100000010000000000000
00000010000000000001000100000000000000000000000
0000000000000000000010001100000000000000000000
000000000000000000000000100000010000000000100
00000000100000000010000001000000000010000001
0000000000000101000000000000000000000001000
000000000010000000000000000000100000000000
01000000000000000000000001000010000000000
0000011000000000000000000000100000000000
000000010000000010100000000000000000000
00000001000000000000100000000001000000
0010000000010000100000000001000100000
000000100000000000000000000000000000
00100000000000000000100000000000000
0000000001000000000000000000000000
000001000001001000100000000000000
00000000000000000000000000000000
0001000001000000000000000000000
000010000000000000000000000000
00000010010000000001000000000
1000000000000000000110000000
100000000000000000000000000
00000010000000010011000000
0000000000000000000000000
001000000001000000000000
00000000000000000000100
0000000000000001000000
000100000000010000001
00000000100000000000
0000000000000000000
010000010000000000
00000000100000000
0010000000000010
010000000000000
00000001000000
0000000100000
010000000000
01000000000
0000001000
000000000
00000000
0000000
000000
00000
0000
000
00
0
 
Graph 17 Optimal = 72.0
0000000000000100000000000000010000000100000000000
000000010110000000000000000000000001000000000000
00000000000000000000000000000000000000000001000
0000010001000000000000000000000100000000000010
000000000000000010010000000000000110101000000
00011000000000000000000000000010000000000000
0010000000000000000100000000000000001000000
000010000100000010100000000010001100100000
00000000000000000100000000000000000000000
0000000000000110000100000000000000100001
000000000000000000000000000000000000010
00000000000000000000000000000000000000
0000000001000000000000000000000000000
000000000000000000000000000000000000
00000000000000000000010000000001000
0000000000000000000000000000000010
000000000100100001001000000000000
00000000000000100000000010000001
0000000000001000001010000001000
000101000000000000000000000000
00100000000000000000000000000
0000000000000000000000100000
000000100000000000000000000
00000000000000000000000000
0000000000000000000000010
000000000000000100010000
00000000000000000000000
0000000000000101000000
000011000000000000000
00000100000000001000
0000000000001010000
000000000000000000
00000000000000000
0010000000001000
000000001000000
00000100000000
0000000000000
000000000100
00000000000
0010000001
000000000
00000000
0000100
001000
01100
0000
000
00
0
 
Graph 18 Optimal = 84.0
0000000000000000101000000000000000001000000000000
000000000100000000000100000000000001000000001100
01010000000000000010000000010000000000000000000
0001000000000100010000000000000000001000000000
000000000000000000000100000101000001000000000
00001000000000010000000000000000000000000001
0000000100000100000000000001000000000000100
000001000000000100000000000000000000100000
00100100000000000000000000000000000000001
0100000000000000000010000001110000000000
000000000000000000000000000000000000000
00000000010000001100000000000000000000
0000000000000000000000000100000000000
000000010000000000000100000000000000
00000000000000000000000000000000000
0000100000000000000000000000000000
000000000000001000100000000001001
00000001000100000000000000000001
0000000000000000000000000000000
000000010000000000000000000000
00000000101000100100001010000
0000000000000000000000000100
000000000010000000010000000
00000001010000000000000000
0011000000000100000000000
000000000000000100000000
00001000000000000100000
0000000001000000010001
000000000000100000000
00000010001000000100
0000000001001001001
000000000100000000
00000000000000010
0010001000000000
000000001000011
00001000000000
1000000000001
000000000000
00000000001
0000000000
000010000
10000000
0010000
000000
00000
0000
000
11
0
 
Graph 19 Optimal = 68.0
0000100000000000000000000000000000000000010000000
000000000000001000000000000000010000000000000001
00001000000000000000001000000000000000000000100
0000000000000000000000000000000000100001000000
000110000000000000000010000000000000000000000
00100000000000000100001000000000000000001001
0000000010000010000000000000000000000000000
000001000000000000010000000000000000000000
00000000000000000000001010000010000000000
0000000100000000000000000001001000010000
000000000000000000000000000000000100001
00000000000000000000000011000000000000
0000000001001000000010000000000000000
000000000000000100000000000000000001
00000000000000000000000000000001000
0000000000000000000000000000000000
001000100000010000000000100100000
00000000100000000010000100000100
0000000000000000000000000000000
000000000000000000000000001010
00000000000000000000010000000
0000000001000100000000000000
000000000000000000000000110
00000000000000000000000000
0000000100000000010000000
000000000000000000000000
00000000000000000000001
1000000000000000000000
010100000010000000000
00000000000100011000
0001000100000000000
000000100010001000
00000000000100000
0000000000000000
000000000000000
00000000000000
0000010000000
000001000010
00000000000
0100001000
000000000
00000000
1000000
000000
00000
0000
000
00
0
 
Graph 20 Optimal = 70.0
0000000010000000000000000000010000000100100001000
000000000000000000000000000000000011001000000000
00000000010010000000000000000000000000000001000
0000010000001000000000100000000000000000000000
000000010000000000000100000001000000000000000
00000100000000000000001000000000000000000000
0000000000000000000000010000000010000001000
000001000000000000000000000000000010000000
00000010000100000000000000000000000001000
0101000100000011000000000000001000000000
000000000000000000000000001000000100000
00000000010000000000000000000001000000
0000000000000000100000000000000000000
000000000000000000000000000000100000
00000000000000001000000000000010000
0000000000001000000000000000000000
000001000010000000000000010000010
00010000001000000000000000000000
0010000000010000000000000000000
000100000000000100100000000000
00000000001000000000000000000
0000000000000000000000000001
000000000000001000000000000
00100000000001000010000000
0010000000010000000000000
000000000000000011001011
01000000000000000000000
0010010000100000000000
000000000000000000000
00000010000000000000
0000000000000000000
001000000000100000
00000000000000000
0000001001000000
000000000000000
00000000000000
0000000000000
000100000000
00000000000
0100000000
000000000
00000000
0000000
000000
00000
1100
000
00
0
 
Graph 21 Optimal = 71.0
0000000000000000000000100010010000000000010000000
000000000000000100000000000000010000000000000010
00001000000000000000000000001001000000000000000
0000000000000000000000101000001000000010000000
000000000000010000000000100000000000000000000
00000000000000000010000000010000000000000000
0000000000001100000000000000000000000000000
000000000000000000000000000000010100000000
01000000010000000000000000000010000100000
0000000000000000101000000000000000000100
000000000000000001000100001000000000000
10000000000000000000000010001000000000
0100000000001001000000000000000000000
000000001100000100000000000010000000
00000000000100000000000000000000000
0001000000000000000100010000000000
000000000000001000000000101000100
00000000000000000000010000000000
0000010000010000000000000000100
000000000000000000000000001000
00000000000011000000000000000
0000010000000000000000010000
000000000000000000000000100
00000000010000000001000000
0000000000000001000000001
000000000010000001000100
00001000000000000000000
0000000000000000000000
100000000000000010000
00000000100000100000
0000000000000000000
000000000000100000
00000001001000000
0000000000000000
000000000000000
00000100000000
0000000000000
000000000000
00000000000
0011000000
000000000
00000010
0000000
000000
00001
0000
000
10
0
 
Graph 22 Optimal = 81.0
0000010000000001000000000000000000000000000000000
000000000000000000000000000000100000001010000000
00000000000000000100000000000000000010000010000
0000000000000000000101000000000000100000000000
000000000000000000100000000010000001000001000
00000001000000000000010000000000000000000000
0000000000000000000000000000000000000000000
000000000001000000000000000000000000000000
00000000000000000000001000000000000000000
0000000010000001000000010010000100000001
000000000000000000000000000000100000010
00000000000001000010000000000000000010
0000000000000000000000000000000100000
000000000000000001000010000000001000
10000010000000000000000001000000000
1010000000000000000000000000000000
000010000000000010000000000000000
10000000000001000100000000000000
0100100000000001000000000000000
010110000000010000000000000101
00010000000000000000000000000
0000000000000000100000000000
000000100000001001000000001
00001100000000000000000000
0000000000000001010010000
000000000000000000000000
00100000000000000000000
0010001001001000001000
000000000000100000000
00000010000010010000
0000000000001000000
000000001000000001
01000000000000100
0000000010000010
000100000100001
01000000000000
0000000000000
000100000000
00000000000
0000100000
000100000
00000000
0000000
001001
10000
0000
000
00
0
 
Graph 23 Optimal = 79.0
0000000000000000001000000000100000000000000010000
000000000000000000000000000000001000010000000000
10000000000100000000000000000000000000000001000
0010000000000000000000001000000010010010000000
000000000100000010000010000010010000000010110
00010010000000000000000000000010000000000000
0000100000000000001000000000000000000010000
000000000000000000000000000000000000000000
00000000000000000000000000000001010000000
1000000000001010000010000000000001000000
000000000000000000000000110000000000000
00000000000000000000010000000000001000
0000000010000001000000000000000000010
010100000000000000000000000000000000
00000000100000000000000000000000000
1000000000000010000100000000000000
000000000000000000000000000000000
00000000000011000000000000000010
0000000001010000000000000000000
000000000000000000000010000000
00010000000000000000000100000
0000000000000100000000000000
000000000000000000000000101
00001001000000100000000000
1000000100001000100001000
000000000000000000000000
10000010000000100000000
0000000100000000000000
000000000000000001000
00000000000100100000
0000000000000001001
011000010001000000
00000000000000000
0000100000000000
010000000100000
01000000000000
0000000000000
100000000000
00001100000
1000001000
000100001
00000000
0001010
000000
00000
1000
000
00
0
 
Graph 24 Optimal = 70.0
0000000000100000000000000000000000000000000000001
100000000000000000000000000000000000000000000100
00000000001000000000000000000010000000000000000
0010100010010010000000000000000000000000000000
000000000000000000000000000010000000100000000
00000000100010000000000000000000010000000000
0000000000000000000000001000000000000000000
000000000000000000001001000000001000000000
10000000000000001000000001000010000000000
0000100000000000001000000000000000000000
001000000000000000000001000000000000000
00000000100000000000000000000001000000
0000000000000000000000000000010000000
000000000100000000000010000000000000
01000000000000000000000000000000000
0000000100000000000010000000000000
010000100000000000000000000100000
00000000000000000000100000000000
0000000100000000000000000000000
000000000000100100000000000000
00000001100000000000000001000
1000000000000000000000000001
000001000100000000100000000
10000000000000100100000000
0000000000000000000000000
000100000000100010001000
00100000000000000101000
0110001100000000000010
000000000000000000000
00100000000000000000
0000000000001100000
000100000000000000
00000000000000010
0000000000000001
000000000000001
00000000000000
0000000000010
000000000000
00000000000
0000001100
000000000
10000000
1000000
000000
00000
0000
000
00
0
 
Graph 25 Optimal = 83.0
0101000000000000000000000000000000000001001000000
000000000000000000000000000110000000000000000000
00000000000000000010000001000001000000000000000
0000000000000010010000000000000000000000000000
000000000000000000000000001000000010000000000
00000000000000000100110100000000000110000000
0001010001000001000000000000100000000000000
000000000100010000000000000000000000000000
00000000000000000000000100000000000000000
0100000000000000010001000000000000000000
000000000010000000000000010000000000000
00000000000010000000000000000000100000
0000000010000000000000000000000000000
000110010101100010000000000001000100
00000000000000010000001000000001000
0000010000001001000000000000010000
000000000000000000010000000000000
00000000000000001100010000000011
0000000000000000000000000000000
000100000100010000000000010001
00000000010000000000000001000
0000000000100000000000100000
000000000010010000000000001
00000000000000000000000000
0000000000000000000000000
000000100000100000001000
00000000000000000000000
0000000100000000000000
110000000000000000010
00000000000000100000
1011000001010100000
000010000000000000
00000000010000000
0000000000000000
000000000000000
00000000000000
0000000010000
001010000000
10000000000
0000000000
000000000
00010000
0000000
000010
00001
1100
000
00
0
 
Graph 26 Optimal = 71.0
0011000000000000000000000000000001000000000000000
000000101000000000000000000010000000000000000100
00000010001000000000000000000000000010000000000
0100000000001000000000000000000000000000000000
000000100000000000000010100000100010000100000
00000000000000000000000000000000000000000000
0000001000000000000100000000000000010000001
000000000000000001000010001000000000100000
00000000000000000000000000000000000100000
0000000000000000000000000000001000000000
000000000000000000000010010000000000000
00000000000001000000001000100000000000
0000010000000000000010000000000000000
000010000000010010000000000001000000
00000000000000000000010000001000000
0000000000010100010000000100001000
000010000100000010000001100000000
00000001100010000000000000010000
0000000000000000001000000000000
000000000000001100000000000001
00001100000000000000000000000
0000010000000000000000000010
100000000000000000000001000
00001000000000000000000000
0000000000010000000000000
000000000000001000000000
00000000000000000000000
0000000000000000000001
010000000000000000001
00000000000010000000
0000000000000000000
000000000000000000
00000000000000000
0000100000000001
000000000000000
00000000000000
0001010000000
000000000001
00000000000
0000000000
000000000
00100000
1000000
000000
00000
1000
000
00
0
 
Graph 27 Optimal = 77.0
0000000000000000100000000101000000000000000000001
000000000000000000010000100000000000000010000001
00000000000000000000000000000000000100000000100
1001000000000000000101100001000000000000000000
100001000000000000010000000000000000000000000
00000000000000000000000000000000000000000000
0000000000000000100001000000001000000000000
000000000000100000000000000000100000001000
00000001100001001000000000000000000001000
0000000000000000000000000000000000000001
000000000000000001000000000000000000000
00001000000000100000000001000000000000
0000000001000000000000000000000000000
100000010000010010000000000000000000
00000000100000000000010001000000100
0000000000000000010000000000001000
000000000000000000000000100000000
00000000000000010000000000000000
0000000000010000000000000010000
000000000001000101000000000000
00000000000000000010000000000
0000000000000000000000000000
000000010010000000000100000
00000000000000000000010000
0000000000000000000010000
000000000010100001010000
00000000010000001000000
0000000010000010000000
000000000000100000000
00000001000000001000
0000000000000000010
010000010010000000
00000000001000000
0000000000000000
000000000000000
00100000101000
0000000000000
000000000100
00100000000
0000100000
000100001
00000101
0000000
000001
00010
0000
000
00
0
 
Graph 28 Optimal = 68.0
0001000001000000000000000000000000000000100000000
000100000000000000000000000000000000000000000000
00000010000000000110000010000000000100000000000
0100001100000000000010000001000010100000000001
000010000000000000000000000000000000000000000
00000000000100000000000000010000000000000000
0000000000000000000000000010000000000000000
000000000000001000000000000001000000000010
00000001000000000000000000000000000001000
0000010000000000000000000000000000000000
010000000000000000000000000000000000000
00000000000000000000010000000010100000
0000000000000000000000000100000000000
000000100000000001000100001000000000
10010000000001000000000000000000000
0000010000000000000000000000100010
000000000000000000000000000000000
00000000000100000000000001000000
0000000000000000000000000000000
010000000000001000000000000010
00000001000000000000000000000
0000000000000001000000000000
000000100000000000000000100
00000000000000000101000000
0000000010000000000000000
000000000000000000000010
00000100000000000100100
0000000000000000000000
010000000000000000000
00000010000000000000
0000000000000000000
000000000000000000
00000000000000000
0001001000000000
000000010000000
00100000000000
0000010100000
110000000000
00100001000
0001000000
001000000
00000100
0000000
000000
10001
0000
000
00
0
 
Graph 29 Optimal = 75.0
0000001000000000000100000000000000100000010000100
000000000000000000000000100010000000001100000010
00000100000000100000000000000000000000000000000
0100000000000001000000000000000000000000000000
000000000000000000000000000000000000100000000
00000000000000000010000000000000000000001010
0000000000000000001000000010000000000000000
000000000000000000000000000001100000001000
00000000000000000000000000001001000010010
0000000000000000000000000000100000000000
000000000000000000000000000000010000000
00000000000000000000000101000000000100
0000001000000100010000000000010100000
000001000010000000000000000001000000
00000000000000000000000000000000000
0000000000000000000001000010000000
000000000000000000000000000000000
00101000010000000000000000000011
0000000000000000001000000001000
010000000000000100000000010010
00001000000000001000000000000
0000000000000010000010000000
000000100000100000000000000
00000000000000000001000000
0000000000001000000000000
000010000000000000001000
00001000000000001001000
0000000000000000010000
000001000000000000000
10100000000010000001
0000000000001000000
001000000000000100
00000000000000000
0001000000100000
000010000000000
00000000101001
0100000000000
000100000000
00000000010
0100000000
000000000
01000001
0000000
000100
00000
0000
000
00
0
 
Graph 30 Optimal = 65.0
0000001000000000000000100100000000000000000000000
000000000100000000000001000000000000000000100000
00000000100000000000000000000000000000000000000
0000000000000000000001000000000000000000000000
100100000000000000000100000000000010100000000
00001000100000000001000001000000000000000000
0000000000000000000000000000000000000000010
100000100100000000000000000000000000000000
00100000000000100000000000010000000000000
0001000000001000000000100000000000000000
000000000000000001000000000000000000010
00000000000000000010000000000000001000
0000000110000000010000000000000000000
000000000010000000000000000000000000
00000010000000000010100000000000000
0000000000000000000100000000000000
000000010000000000000000000100010
00100000100000000010000000000000
0010000000000000010000000000000
000000000000000000000000000001
00000000000000000000000001100
0000000000001000000000000000
000000000000000010000000000
00000000000000000000000001
0000000010000000000000000
000000000000000000000010
00000100000000000000000
0000000010000000000000
000000000000000000000
00000000000000000000
0000100010001000010
000000000000000000
10010001000000000
0000000000100000
000000000000000
00000000000000
0110100000000
000000000000
00000000000
0000000000
000000001
00000000
0000010
000000
00000
0100
001
00
1
 
Graph 31 Optimal = 76.0
0000000010000000001000000010000010000100000000000
000000000000000000000000000010001000000000000100
00000000001000000000000000100000000000000000000
0000000000000000000000000010001000000000001000
001000000000000000000000000000000000001000100
01000000000000000011000000000000000000000000
0000000000000001000000000000000100000100000
000000000001000000001000000000000000000000
01000000100100000000000000000000100010000
1000000000000000100001000010000000000010
000100000000010000000000000000000000000
00000000000000000000000100000000000000
0000000000000000000000000000000000000
000000000000000000000001000100000100
00000000000000000000000000000000000
0000000001000000010000000001000000
000000010000011000000000000000000
00000000000000000000000000001000
0000000000000000001000000100000
000000000000100000000000001100
00000000000000001000000000001
1000110000000000000000000000
000000000000001000000000000
00110000000000000000010000
0001000000000000000001001
001100000000000000000010
00000000001000000000000
0000000000000000000000
000100000000000000000
00000000000000000000
0000000000000000001
100000000000001000
10001000000000000
0000000000000000
001000000000000
00000010001001
0010000010000
000000000000
00000000001
0000000000
000000000
00000000
0010010
001010
00010
1000
000
00
0
 
Graph 32 Optimal = 72.0
0000000001000000000000000000000010010000000100000
000000000000000000000000100010000000000000000000
00000010000100000000000001000000000000100000000
0000000000000000000011100000000000000010000100
000000100000000010000001000000000000100001000
00000000000000000000010000000000000000000000
0000001000000000000000000000000000000000000
000000000100000000000000000000000000000000
00000000000000000000000000000000000000000
0000000000010000100000000000001000000010
000000101001000110000000000000100000000
00000000100000000000000000000000000000
0000000000000000000100000010000000000
001100000000010000000000000000000001
10000010000000000000000000000000000
1000100100000001000010000000010000
000000000000000000000000000000000
00000000000000000000000000000000
0000000100000000000000000000000
000000000000001000000000000000
00011000000001000001000000000
0000000000000000000000100000
000000000000000000000010000
00000000000001000000000000
0000000000000000001000000
000001100000000000000000
00000001100100000000000
0000100000000001000000
000000000001000010000
00000000000000000000
0100000000000010000
010001000000000000
00100001000100010
0000000000001000
000000000000000
00000000010100
0000000000010
000000000000
00000000000
0000000100
010000000
00000010
0000000
000000
00000
1000
000
00
0
 
Graph 33 Optimal = 80.0
1000000000000000000000000000000000000000000000000
000000000001000000000100100010000010000000000000
10000000010001000000000000001000000000001000000
0000000000000000000000000000000000000000000000
100000010000000000000000000000000000000000000
00000000000000000000000000000000000100000000
0000000000000000000110010010000010000000000
000000000001000000000000001101000000000000
00001000000000000000000000000000000100000
0000000000010000010000000010000010000000
000100000000001000000000000000000101000
00000000000000000100000000000001000000
0010000000100000100000000000000000010
000000000010001000000000000000000100
00100001000000000000000000000000000
0100000000001000000000000100011000
000000100011000000000000000000000
01100000000000000000000000100001
0000000000000000000000000000000
000000000001000000000000000100
00110000000000000000000001000
0000000000000100010000000000
000000010000000000001000001
00000000000000000000000001
0000100001000000000000000
000000000000000000000000
00000000000000010000100
0000000000000000000000
011000000010001100000
00000000100000000000
0001000000000000000
000000001000000000
00000100000000001
0000001000000000
000000000000000
00000010000000
0000000000000
100000000000
00000010000
0100000000
000100000
00000000
0000000
010000
00000
0001
000
01
0
 
Graph 34 Optimal = 74.0
0010000000000000000000000010000000000000000000000
000000001101001000000000000000000000110000000000
00000000000000000000010001000000000000000100000
0000000000000000000000000000000000010000000001
000000100000000000100000000000000000000001000
00000000000000000010000000000000001000000000
0010000000000000000000000000100000000000000
000000100010000000000000010000000000000000
00000000000100000000000001000000000000000
0100010000000000000000000010000000000001
000000000100000001010000000000000000000
10000000010000000000000000000000000000
0000000000000000000000000000000000000
000000000000001000000010000000000001
00000000000000000000000000000100000
0000000000000000000000001010000000
000000000000000000000000000000010
00000000000010000001000001000000
0001000000000100010000000110000
000000000001000000000000000000
00110000100100000000000000000
0000000000000001000000000000
000000000000001000001000000
00001000000001000000000000
0000000000000000000000000
000000100000000000010000
00000010000000000000000
0000000000000000010010
000000000000000001000
00000000010000101001
1000000000010000000
000100000000000000
00000100000000000
0000000000000100
100001100000000
00000000000000
0000000000000
000000000100
00010000000
0000000100
000001000
00001100
0000100
000000
00000
0000
000
00
1
 
Graph 35 Optimal = 79.0
0000000000000000000000000010000000000000100000000
100000001000000000000001010000000000000000000000
00100010100000010000000000000000000000000000101
0000000000000000000000000000000000001100001000
000000100000000010000000000000000000000000000
00000000000000000100000000000000001000000000
0010100000010000000000000100000000100000000
000010000000000000000000000000000010000000
00100010000010000000000010000000000000000
0000000000000100000000000000000001001000
000000000000000000110000000000000000000
00000000000000000000000000000000000000
0000000000000000000000010000000001000
000000000000000000000000000001100000
00000000000010000000000101000000000
1100000001000000000000000000000000
010000000000001000000000000001100
00000000000000000001000000000000
0000000000010000000000000000000
001000000000010001000000000000
00100000000010001000010000001
0000000000000000000000000000
000000000000000000001100000
00000000000000010000000000
0100000000010000001000001
000000010000000000000000
00001000000000000000010
0000000000000000001000
000010000000000000000
00000000100000001100
0000100000001000000
000000000000100000
00000000000001000
1000000000000000
000000000000010
00000000000000
0000000000000
010000000000
00000000001
0010000010
000010010
00010000
0010000
000000
00000
0000
000
00
0
 
Graph 36 Optimal = 83.0
0000001000000000000000000000001000000000000000100
100000100000000000000000000000001001000000000001
00000000010000000000000000010000000100000011000
1000000000000000000010000000100100000000000010
000010000000000001000010000000000000000000000
10000000000000000100001000001000001000000000
0000000000001000000000100100000000000100000
001000000000001000000010000000000000000000
00000000100000000000000000000000000000000
0000000010000010000000001100000000100000
000000000000000000000000000000000000000
00100001000001000000000000000000000000
0000001000000001000000000000000000000
010000000000010000000000000000000000
01000000100000000100000010000000000
0000000001000010000000000100000000
000000011000000000000000000010100
00000010000000000000000000100000
0000000000000000001000101000000
000000000000000101000000000000
00101000000000000000000000000
0000000010000000000000010000
000000001000000000001000000
00000001000000000000000000
0000000000000000000000000
000000000000010000000010
00000001000000000010000
0000000000001000000000
010000000000001101010
00000000000000000100
0000000000010000000
000000000000000000
01001000000010000
0000000000000010
000000100000000
00001100010000
0000000000000
000010000000
00000000110
0010000000
000000000
00100001
0000000
000100
00000
0010
000
00
0
 
Graph 37 Optimal = 81.0
0001000000000000000000000000000000000001000000100
000000000010001000000000000000000000100000101000
00000001000000000000000000000000000000000001000
0000000000000000010000010000000000100000000010
000000010000010010000000000000000000100000000
00001000000001000000001000100000000000000001
1000000000000000000010000000001000000000000
000000010000010000100000000000000010000001
00000010000000000100000000010000000000000
0000000000100000010000000000000000000000
010000000000000000010001011000000000000
00000000101000000000000000000000000000
0000000000000000000000000001000000000
000001001100000000000000001000000000
00001000000000000010000000000000001
0100000000000100000000000000000010
000000000000000000000000000010001
00000000000000000000010000000000
0000010100010000000000000010000
000000000000000000000000000000
00000000000000000010110000000
0100000001000100000000000000
000001000000000100100000000
00000000000000000000010000
0001000000000000000100001
000001000000001000000000
01000000000000000100010
0100000000000001000000
000000000000000000000
00000010010000000000
0000000000000000000
100000000000000000
00000000000000000
0000000000000000
000000000100000
00000010010000
0000000000000
000000000000
00000000000
0000000000
001100000
00000000
0000010
000000
00000
0000
000
00
1
 
Graph 38 Optimal = 73.0
0000000000000000000000001000000000100110000000000
000000000000010000001000000000000000000000001000
00001000000000000000000000000000000000000000000
0000000100000000000000000000000010000000000000
000000000100000000000110000000000001010000010
00000110000000000000000000000000000000000000
0000000011000010000000000100000000000001000
000000000000001000000100000000000000100000
00000000000000000000000000010000000110000
0000000001000000000000000000000000000000
010000000000000000000000000000100100000
00000000000000000000000000000000000000
0000100000000000000000000000000000100
010000000000000000000000001000000001
00000000000000100000000000000000000
0100000000100000010000000100000000
000000000001001000000000000000000
00000000001000000000010000001000
0100000000000000010000000000000
000000000000000000000000000100
00000010010000000000100000001
0000000000000000000000000000
000010010000001000000000001
01001000000000000000000010
0000000010010000000000000
000000000000000100000000
00001000100000000000000
0000000000000000000000
000000010000000100000
00000000000000000000
0000000000000000000
010000000000000000
00000000000000000
0000000000000001
000000000000000
00000000010000
0010000000000
000110000000
00000000100
0110000000
000001100
00000000
1000000
000000
00000
0000
000
00
0
 
Graph 39 Optimal = 88.0
0000000000010000000000000000000000000000000001000
000000000000000100000000100010100100000000000000
00000000001000000000000000010000000000000001000
0000000000000000000000000000000000000000100000
100110000000000001000001000000000000000100000
00000000001000010000000010000100000100001000
0000000110000000000000000000000000000000000
000000000000001000000101000000000000000000
00100000000000000000000000000000000001100
0000011000000011000000000000000000000010
000010010000000000000000100000000100100
00001000000000001000000000000000010010
0000110001000000010000000000000000000
000000000000100000000000000000000000
00000001000000000000000000000000000
0000100000000100000000000000000000
000000000000000100000000000000000
00000011000000000010000001000000
0000000100100000010000000000000
000000000000000100000000100000
00000010010000000000000000000
1000000000000000000000100000
001000000010000000100000000
00000000000001100000000000
0010000000000000000100000
000000000100000000001000
01000010000000000000101
0000000000000011000000
100100000000000000000
00000100000000000000
0001000001000000100
000000010000000000
00000100000000100
0001000001010000
000000000000000
01001000000000
0100000000000
000000000001
00000000000
0000000000
000000000
00000000
0101000
000100
00000
1000
000
00
0
 
Graph 40 Optimal = 73.0
0000000000000000000000000000000000000000010010100
000000000000010000000000001000000001010000000000
00001000000000000000000000000000000100001000000
0000000000000000000000000000000000000000100000
000000000000000000000000010000000010000100100
00000100010000000100000000100000000000000000
0000000000000000000000000000000000001000000
000000000000000001000000000000000000000000
00000000000000000000000000000000010000001
0000001000000000010000000001000000000000
000000000000000000000000000100000000000
00000000000000000001000000001100000000
0000000000000010000000000000000000000
000001000010000100000000100000000000
00000000000000000000000000000000010
0000000001000001000000000000100000
000000100000000000000000000000001
00000000010000000000000000000000
0001000000000000000000000001000
000101000000000000000000000000
00000000101000001000000010000
0000000000000000000000000000
000000000010110000000000000
00010000000000000001000000
0000000000010000000000100
000000001000000001000000
00000000000010000000000
0000000000000000001010
000000000000000100000
00010000000001000000
0011000000000000000
001000000001000000
00000000010010000
0000000000001000
000000000000000
00000100000100
0000000000000
000000000100
00100000010
0000000000
000001000
00100000
0000010
001000
00010
0000
000
00
0
 
Graph 41 Optimal = 74.0
0000100000000000000000000000100000000000000000001
000000000101000000000000000000000000000000000000
10000001000000000100000000000000001000000001010
0000000100000001000000000000000000000000000100
000000000000000000100010110000000000000000000
00000100000010000000000000100010001000000000
0000010000100000000000000000000000000000000
000000000000000100000101000000000000000100
10000000000000000000000000000000001000010
0000000000100000000100010000000000000000
000000000000000000000000000000000000000
00000000000100000000000000000000000000
0100000000001000001000000010000000100
000000000000000000100000000000000000
10000010000000000000000000000000000
0000000000000000000100000000000000
000000000000000000000000000001100
01000000001000000000100000000010
0000000000000000000000000010000
000000100000001000000000000000
00000010000001100001000000000
0000000000000000000001000000
000000000000000000000000000
00000000010000000000000000
0000000100010000000001010
000000000101000000000000
00000000000000100000000
0000100000000000000100
000001000000000000001
00001000000010000000
1000000000000000000
000000000000000000
00001000000000000
0000000001000000
010000000000000
00010100000000
0100000000000
000010000000
00000000000
0000010000
100000000
00000000
0000000
000000
10000
0010
000
00
0
 
Graph 42 Optimal = 77.0
0100000000000000000000000000000000000000000000000
000000000000000010000000000000000000000000000000
00100000001000000000000000000000000011000000000
0000000100000000000000000000000001000000000001
000000000000000000100001000000000000000100000
00010000001000000010000000100000000000001000
0000000000000000000010000010101000000100010
000000000000001001000000000000000000000000
00000000000000000010000000000000000001000
0010000000000000000000000000000000000000
001000100000000000100000000100000000000
00000000000100000000000000000000100000
0000000100000000000000000000000000000
000001000000000001000000000000000000
00100000000000000000000000000000000
0000000000000000000000000000000100
010010000000000000000000010000000
00000000000000000000000000000000
0000000000000000100001000000001
100101000000000000000000000000
00000000000000000000100000011
0010000010000100000000000000
010000000000000100000101000
00000000000000111000000000
0001000000000000000000000
000010000000010000001000
00000100000000000000000
0001000000000000000000
100100010000000000010
01000000000010000000
0000000000000000000
010010000001000000
00000000000010000
0000100000011000
000000010000000
00000000000100
0000000000000
000100000000
00000000000
0000000000
100010000
00000000
0000000
001000
00000
0000
000
00
0
 
Graph 43 Optimal = 78.0
0000001000000000000000000000000000001000000000000
000000000000000000001010000000100000000000000000
00000010000000000000000000000000000000000001010
0000000000101000000100000000000000000000000001
001000000000001000000000000010000000000010000
00000001000000000010001000010100000000000000
1000000000000010010000000000110100000000010
000000000000000000000000001000000000000100
00000000000000000000001000000000000000000
0010000000000000000000000001000000000000
001000000000010001000000100000100000000
00000000000000000000000000000001000100
0011000010000011000000000000010000001
000000000100000000000001000000000000
00000000000010100100000000000000000
0001000000000000000001000000000000
000000000000000000000000000100000
01000000100000000000000000000000
1000000000000000000000000000001
000010000000000000000000000000
00010000010000000000000000000
1000000000010001000001000000
000000000000010000000000000
11000000000100000000000000
0000000001000000000001000
000000100010000000000000
00000001000000001000000
0000000000000000001000
000100000000000000000
00000000000001000000
0000100000000000000
000000000000000000
00000000000000000
0000000000000000
000001000000000
00000000000100
0010000000000
000000000001
00000000000
0000000000
000010000
01000010
0011000
001000
00010
0000
100
00
0
 
Graph 44 Optimal = 84.0
0000000000000000010000000000100000000110000000000
000000100000000000000000000000000000000100000000
00000000000000000000000000000000000010000001000
0000000010101000010001000000000000000000000000
100000000000000000100000000000010000001001000
00000000000000000000010000000000000000000000
0000000000000000000000000000000000001000000
000001000000000000000011000000000100000000
00000000100000000000001000001000000000000
0000010000000001000010000100000000001000
000000000000010000000010000000000000000
10010000000000000000000001000000000000
0000000000000000000000000001001000000
000000000000000000000000010000100000
00000000000000100000000000010100000
0000000000101000000000000010010000
000000000000000000000000010000100
10000000000000000000000000000000
0000000000000000000000000000010
000000000100000010000000000000
00000100000000000110000000000
0000000000000000000000000000
000000000000000010000010000
00000000000000000110000000
1000000000000000000000011
000001010000000000000000
00000000000000000001100
0010001000011010000000
000010000000000000000
00000000001000000100
0000000000001000000
000100010000000000
00000010000001000
0000010100000000
001000000100000
00000001000000
0000000000000
000110000010
00000000010
0001000001
100100010
01000000
0000000
100000
00000
0100
000
00
0
 
Graph 45 Optimal = 74.0
0100000000000000000000000000010000100000000000000
000000000000010000000000000000100010000010000100
00000000000000000000000000000001000000000000000
0000000000010000000100000000000000000000000000
010000000100000000100000000000100000000000000
00000010100000000000000000000100000000000000
0000010000000000000100000000000000000001000
000000000000000000000000000000010000100000
00010000000000000000000011000000000000000
0100000000100000000001010000000000000000
000000000000000000000000100000000010100
00000010001000000000000000000000000100
0000000100000000010000000000000000000
000000000000000000000001000000010000
00000000000000000000000000000010000
0000000000000010000000000000000000
000000100000100000000011000000000
00000000000000000000000000000000
0000000101000000000000000000001
000000000010000000100000000000
00000000000000011000000000000
0000001000100000000000000000
000000000000000000000000000
00000001000000000000000010
0010000000000000000000000
000010000000000000000000
00000001000000000000000
0000000000010000000001
000000100000001000010
00000000100000000010
0001000000000000001
000000101000000000
00100000000000010
0000000010000000
000100000000000
10000000000000
0010000000000
000000000001
00000100000
0000000000
000000000
01000010
0000000
000100
00000
0000
010
00
0
 
Graph 46 Optimal = 75.0
0000000001000000000000000000000010000000000000000
000000000000000000000000000000000100000000000010
00010000000000000000000000000000000000000000000
0010100000010000000000000000000010100000100000
000000000000000000010000000000000000100000000
00001000000000010000000000000000001000000000
0000000000000000000000000000000000000000000
000000000000000000010000000000000000000000
00000000000000000001110010000000000010000
0000010100000000000000000000000000000001
000000000000000000010000000000010010010
00010000000000010000000000000001000000
0000000000000000001000010000000000001
000000000000100100000000100000000001
01000000010000000000100000000000000
0000100000000000000000000100000000
000000000100000000000000000000000
10000000000000000000010000000000
0000001010000000000000000000000
000000100010000000000000000000
00000000000000000000000010000
0000000000000000010000000100
001000010000010000000000000
00000000000010000010000000
0000100000000001001000000
100000000000000000010000
00000000000000000100000
0010000011010000000000
000000100000000100000
00000000000000000010
0000000000100000000
000000000000000000
00000000000000010
0001000010000000
100000000100001
00000000010000
0000000000000
000000000000
00000000000
0001010010
000001000
00000000
0000000
000000
00000
0001
000
00
0
 
Graph 47 Optimal = 73.0
0000000110000000000000000010000000000000000010010
000000010000000000010000100000000000000010100000
00000000000000000000000100000000010000100000000
0010000000110000000001000001001000000100000000
000001000000000000000000000000000000000000000
01000000000000000000000100000000000000000000
0000000000000000000000000000000000000000000
000000000000010000000000000000000100100010
00011000000000000000100000000000001000000
1010000000000000000000100000000000000000
000000000000001010000000000000000000000
00000000000000000000000000000000001000
0000000100000000000000000000000000000
000000000000000000000100000000000000
00000001000000000000000000000000010
0100000000000000000000001000000000
000000000000000000000000000010110
00000000000010000000000000010000
0000000000010001000000000000000
000000000000000000000000001000
00000000000001010000000000001
0000000000000000100000000000
001000100000000000000000000
00000000000000000000000000
0000110000000000000000000
000000000000000000000010
00000000000000001000000
0000000010000100000000
000000000000000000000
01000010000000000000
0000001000000000000
100000010000000000
00000000000000000
0000000000000000
000101000000000
11000000101001
0100000000000
000000000000
00000001000
0000001000
001000001
00000000
1010000
000000
00000
0000
000
01
0
 
Graph 48 Optimal = 82.0
1000000000000000000000000000100000000000000000000
000000000010000000000000001000000000000000000010
00000000000001001000000000000000001000000000000
0000000000000000000100000000000000000000000000
000001000000000000000000000000000000000000000
00001001010100000000000000000000000100000000
0000000000000010010100100000000010000000000
000000100000000001000100000000000000101000
00000000010000000000100000000000000000000
1000000011000100000000000000000000000000
000000000000010010000000000000000000000
00000001011000000001000000000100000100
0000000000001000110000000000000000000
000000001000000000000000000000100100
00000001000000000000000000000000000
0001001100000000000000000000000000
000000000000000000000000000000000
00010000000000001100000000000000
0000000000000000000000010000010
000000000000000000010001100001
00000000001000000010000001010
0000000000000000000000000010
010000000000000000000000001
00000000010000000000000000
0000000000000001000000000
100000000000000000000000
01001000000000000000000
0000100001000000100000
100001000000000000000
00100000000000000000
0000100000000000000
000000100000010000
00000011001000000
0000100001100000
000000000000100
00010000000001
0000000000100
000000000011
00000000010
0010000000
000000000
10000000
0100000
001000
00000
0000
000
00
0
 
Graph 49 Optimal = 71.0
0000000000000000000000000000001000000000000001000
000000000000000001000000000000000000000010000000
00000001100000010000000000000100000000000000000
1000000000000000000000000000000000000010000000
000000000000000000000000001000000000001000000
10000000000000100001000000100001000000000000
0000000000000010000000000000000000000000000
000000001000000000000000000000000000000000
01000000001000001000000000000000000001000
0000000000000000000000000000100001000000
000000000010000000000000010010001000000
00000000000000000001000000000101000000
0000000000000010000000000000000010000
000000000000000000000011000000000000
00000000000000100000001000000000000
0000001000001001000000001000000000
000001000000000010000000000100000
00000001000001000000000010000000
0000000000000000000000000000000
000000000010000000000000000000
00010000010000000000000000001
0000000000000000000000100000
001000000000000000010000000
00000000000000000000000000
0000000000000000001000000
000000010000000000000000
00001000000000000000000
0100000111000000000000
000000110000000010000
00000000000000010000
0000000000000100000
000000000000100000
00000000000111000
0000000000000000
000000000000001
00010000000010
0000110000000
000000000000
01000000000
0000000001
000100000
00000000
0001000
000000
00100
0000
010
00
0
 
Graph 50 Optimal = 83.0
0000000000000000001010100000010000000000000000000
010010000000000000000000000000000000000010000000
00000000000000000000000001000000000000001000000
0000000000000000000000000000000001000000000011
100000000010010000000000000100000000000001000
00000000000001000000000000010000000000000001
1000000010000100000000000000001000000000000
000001000000000000000000000010000000000000
00010000010000000000010000000000000001000
0000000000000000000000000010000100000000
000000100000010000100000000100000000000
00000000000000000000100000000000000000
0000000000010000000000000010000000000
000000000000100001000000001000000000
00000000000000000000000010000000010
1000000000000000000000000101000010
100000001000000000000000000000000
00000000000000010001000001010000
0000000100000000010001000000000
100000000000000000000000000000
00000000000001000000001010001
0000000000000100000000001000
000000000100000000000000001
00000000100100100000000000
1100000100000000001000000
000010000010000100000000
00000000000000010000100
0000000010000011000000
000000000000000001000
00000000000010100000
0000100000000010000
001000000000000000
00000000000000000
0000000000001000
000000000000010
00000100000010
0000000000000
000000000000
00000000000
0000001000
001000000
00000000
0000000
000000
00010
0000
000
00
0
